0
10
0
0
0
7
25
12
10
0
0
0
10
0
6
0
0
0
0
3
22
0
0
2
0
10
0
10
0
20
0
3
0
1
0
3
32
0
22
1
13
0
0
0
0
0
25
3
0
0
19
18
7
7
0
0
0
14
0
0
8
21
0
0
0
22
0
24
1
0
12
14
0
23
0
4
0
15
0
19
0
3
0
0
0
10
0
0
0
1
0
1
0
0
0
5
5
17
0
19
6
0
11
0
11
0
5
0
0
13
14
0
0
13
3
0
19
0
0
1
0
4
0
26
0
0
0
24
27
6
0
0
0
0
0
0
19
0
20
0
0
0
0
0
6
0
0
0
0
0
0
30
26
0
11
0
3
2
20
0
3
12
0
0
0
0
0
18
11
0
0
0
0
9
12
0
0
0
13
0
7
5
18
0
14
7
0
0
21
0
0
6
7
0
15
17
25
1
23
0
0
25
18
39
0
31
18
3
0
0
30
6
4
19
0
2
0
0
0
13
0
0
0
0
0
9
0
12
0
17
8
0
0
0
0
21
0
0
20
0
0
0
0
0
11
0
28
0
23
18
16
13
0
8
0
17
18
0
4
16
0
1
24
2
0
0
0
6
36
0
0
0
0
0
0
0
11
0
40
0
0
7
0
36
0
53
0
0
9
3
12
7
18
0
33
0
0
0
0
0
0
0
0
10
13
0
44
19
0
0
0
0
52
0
6
25
8
40
0
6
0
26
0
27
29
0
38
0
0
3
10
8
15
37
0
18
0
0
0
15
11
0
0
0
0
7
33
27
0
0
16
0
0
32
0
12
0
0
42
0
0
0
34
0
0
42
0
0
5
36
0
0
35
0
0
0
0
0
0
21
19
0
0
42
25
29
9
0
16
0
0
22
24
11
10
0
0
0
0
32
15
0
10
9
1
0
0
52
0
0
17
8
0
0
48
0
0
0
0
0
0
0
8
22
36
47
0
0
0
14
0
19
0
0
27
0
0
10
6
0
0
0
0
5
0
0
0
41
46
16
25
0
33
0
19
0
0
29
0
47
15
23
49
0
0
0
60
11
0
0
7
0
0
0
0
9
0
0
0
0
5
16
0
50
0
0
0
0
0
0
0
15
0
0
20
0
0
0
0
0
34
0
13
0
0
0
51
52
0
33
0
41
5
15
0
9
0
20
0
0
0
0
0
0
0
0
19
0
0
0
0
0
0
0
0
24
13
0
0
0
21
44
14
0
10
0
0
41
0
3
0
16
0
0
22
0
0
0
0
26
0
0
31
0
0
0
0
0
24
0
1
0
7
9
9
0
0
14
0
0
0
0
0
0
11
0
41
0
0
0
27
0
0
0
13
0
0
7
0
0
15
0
33
0
2
34
25
0
0
0
0
0
0
0
0
0
0
10
4
0
0
0
1
0
37
3
6
9
13
0
0
12
14
0
0
0
0
0
0
0
0
0
0
0
0
0
7
14
8
0
0
0
7
4
0
0
0
7
10
0
0
0
10
12
0
0
17
0
0
0
33
0
0
24
4
0
0
0
0
21
2
23
0
0
8
30
0
0
27
0
25
0
0
26
16
0
0
18
0
2
14
0
26
0
0
8
0
0
8
18
0
0
26
5
0
4
0
0
0
0
0
0
31
0
0
10
0
0
0
0
10
9
0
0
0
0
4
0
0
27
0
0
0
0
0
18
0
0
11
9
27
23
0
11
2
0
0
25
3
0
12
0
55
11
0
0
8
3
0
69
0
0
0
12
0
20
0
5
0
0
0
10
33
0
0
0
19
8
19
1
0
24
0
0
0
0
0
27
7
1
0
14
0
0
19
0
8
17
0
0
0
0
0
2
0
0
0
37
0
0
0
13
0
0
0
9
0
0
17
0
0
1
0
1
10
0
0
35
0
9
0
9
60
0
0
0
12
0
0
0
0
0
0
60
9
0
9
0
0
0
3
0
0
0
0
0
47
0
24
17
0
0
5
3
0
0
0
0
35
0
29
0
42
4
9
0
28
21
13
18
0
0
0
0
11
0
3
0
1
0
0
6
0
3
0
0
35
0
0
5
9
0
0
0
0
0
0
0
0
0
27
25
0
0
59
30
0
0
19
42
25
0
0
0
0
0
0
0
46
23
0
12
37
0
27
0
17
0
0
4
24
0
0
2
0
0
94
0
6
0
0
0
0
7
0
14
0
35
27
0
55
14
0
29
0
41
11
13
4
0
46
76
0
4
21
16
0
0
0
0
0
0
0
0
5
8
25
57
0
0
18
0
0
6
0
33
24
35
11
0
0
20
0
17
24
4
81
40
0
0
0
0
0
0
1
31
4
0
0
1
0
20
7
14
10
11
0
0
17
0
0
9
23
0
13
3
0
10
0
0
12
0
0
14
0
0
0
20
9
0
0
0
3
10
6
4
0
0
3
16
0
1
0
23
0
0
0
19
0
12
0
7
6
0
0
0
0
0
0
0
16
0
3
22
0
0
0
8
19
0
0
0
0
5
12
8
0
10
0
28
0
0
12
0
6
1
0
2
0
5
5
0
9
2
15
12
0
0
2
0
0
0
0
0
7
0
1
0
30
0
12
9
22
8
0
17
0
0
0
14
22
5
0
0
2
0
0
0
0
33
0
0
2
9
0
0
19
2
0
2
4
5
11
8
0
1
2
0
0
0
28
16
0
12
10
0
23
0
0
0
9
3
0
0
28
12
0
7
6
0
13
13
3
10
0
7
12
6
0
2
0
0
25
0
13
0
12
0
0
0
0
5
1
17
21
0
31
0
2
17
0
2
4
21
0
0
22
15
5
7
15
14
1
0
11
0
0
13
9
0
14
13
15
17
0
0
8
0
9
7
0
0
20
19
5
0
0
16
0
22
14
13
20
22
0
0
0
0
0
0
2
11
6
7
0
23
23
0
13
33
32
5
0
38
26
0
0
20
0
0
14
50
0
33
24
9
19
0
0
0
40
12
0
0
0
14
0
0
0
25
22
5
25
23
32
0
0
19
0
31
0
0
7
0
8
7
0
14
0
0
13
7
27
0
26
9
38
0
0
36
0
34
26
24
0
0
5
0
31
11
16
2
23
1
23
0
32
13
0
0
0
0
32
29
0
0
30
0
0
17
30
26
0
23
32
27
5
0
30
0
0
22
0
5
18
20
0
0
27
29
38
7
0
0
6
17
0
0
1
0
0
23
0
44
0
5
17
0
0
0
38
8
0
0
18
14
6
0
6
12
28
0
0
0
0
0
0
32
0
12
34
0
17
0
0
0
0
23
0
0
11
34
7
14
0
0
25
0
0
36
32
11
21
0
32
30
17
1
8
39
14
0
0
0
0
40
16
32
0
37
11
0
13
0
4
5
0
0
35
19
0
15
0
4
5
41
23
42
0
20
16
30
29
11
0
15
28
0
37
0
32
0
29
22
37
15
29
7
2
22
41
13
31
22
0
14
23
9
0
4
0
0
0
0
14
0
63
0
76
47
40
0
0
0
22
26
56
43
0
22
0
28
14
58
0
5
0
41
4
20
57
0
55
0
0
0
16
8
0
0
40
0
0
46
2
0
5
68
7
0
30
0
16
14
38
17
0
0
0
0
12
63
0
0
16
0
0
0
49
7
19
20
19
0
0
9
0
0
41
0
0
0
49
0
21
0
54
42
54
33
21
0
0
29
25
0
0
0
41
67
0
27
0
0
0
0
0
67
0
4
0
49
3
0
25
0
0
52
0
1
13
52
0
0
0
12
5
0
27
0
33
50
0
0
0
0
15
10
1
13
53
0
0
7
19
54
38
17
0
0
8
54
62
0
58
68
39
0
0
7
0
0
0
20
2
55
4
0
0
32
0
17
21
9
0
1
0
20
56
9
0
6
20
7
0
49
1
4
8
3
0
24
28
0
0
28
12
0
0
34
0
0
0
19
0
14
19
0
0
0
36
0
0
0
25
41
0
4
0
0
43
39
17
23
27
28
29
26
38
61
27
0
58
0
18
0
7
25
54
67
69
0
44
4
3
0
33
55
38
56
0
14
0
0
0
0
0
0
9
0
56
0
45
1
30
20
38
0
55
23
69
15
30
23
12
0
0
0
0
13
0
13
57
0
51
1
0
0
38
9
0
21
0
0
0
9
32
0
60
0
15
0
45
23
14
0
0
0
0
11
27
0
19
21
0
16
0
44
38
0
0
0
0
47
0
0
0
9
2
41
14
0
72
0
0
20
0
6
30
25
0
32
26
69
0
61
13
13
0
0
0
0
16
12
0
0
13
74
5
63
0
43
0
0
77
0
18
0
51
0
0
62
34
0
0
62
9
0
43
0
0
11
0
0
0
52
29
40
0
35
31
0
0
0
0
0
0
0
20
0
0
0
0
0
38
19
14
0
28
0
23
22
0
31
41
0
0
0
10
13
0
21
0
7
19
0
0
0
2
35
72
29
0
0
0
16
23
9
6
0
34
35
0
29
23
0
0
12
14
0
0
0
17
7
9
9
21
12
41
2
73
0
2
0
24
36
31
53
65
15
0
0
11
61
0
12
19
7
0
0
0
0
28
0
0
23
0
24
0
43
0
32
7
0
20
0
20
23
0
0
20
0
0
0
0
0
77
19
41
0
0
36
0
53
0
11
4
6
0
60
0
0
0
47
0
22
0
27
0
8
0
1
53
0
0
16
29
0
13
14
0
38
0
17
0
0
15
5
25
2
2
30
0
37
0
12
0
39
0
0
8
0
6
17
0
17
0
43
0
0
12
29
17
0
0
4
5
0
14
0
0
7
9
0
40
0
0
45
0
18
11
13
46
0
0
0
24
0
11
0
18
0
0
51
27
0
37
7
22
0
11
6
5
0
17
0
3
2
26
26
0
0
0
10
0
17
22
0
0
0
0
0
50
12
12
21
55
36
32
23
13
0
0
0
32
0
0
0
4
20
0
1
4
34
0
0
0
21
20
0
20
0
0
24
0
0
3
0
13
0
0
0
0
0
44
22
0
11
23
0
39
11
0
0
10
1
0
0
55
33
20
22
0
0
37
34
0
0
0
17
20
1
0
21
0
11
45
0
33
0
0
0
0
8
0
34
0
46
44
0
38
0
0
5
0
0
31
40
3
0
45
24
5
12
40
30
31
0
10
9
8
13
18
0
26
0
40
0
0
0
0
12
1
5
23
0
0
54
25
11
17
30
0
39
17
48
28
30
0
0
0
0
9
0
0
0
0
0
10
15
0
0
0
0
0
0
0
27
0
19
32
0
0
15
0
19
0
3
46
0
0
0
0
0
44
34
10
0
0
8
0
0
0
0
0
0
0
36
0
0
22
0
0
0
0
6
4
0
18
0
0
0
0
0
30
0
46
12
19
19
0
0
0
0
0
18
49
0
0
23
0
0
27
0
0
0
32
0
0
0
22
33
0
7
0
0
49
17
0
0
0
0
14
0
0
16
0
38
0
52
0
0
25
0
1
46
19
0
0
38
0
0
0
0
28
0
3
0
0
0
0
0
3
0
0
1
0
35
0
18
0
0
12
0
43
5
0
0
0
21
0
0
0
0
43
0
1
29
0
8
0
0
14
0
9
22
0
0
0
47
0
0
0
0
0
6
14
0
9
0
0
0
0
0
36
0
0
0
34
0
0
7
20
38
0
0
0
0
0
4
0
0
0
8
0
9
0
0
0
0
0
16
18
0
0
0
0
15
0
7
6
0
9
26
0
37
49
0
0
0
0
0
4
10
12
29
12
37
0
0
39
13
27
0
23
17
47
6
0
0
0
0
19
0
40
0
29
0
0
0
