11.0 0.0029344570357352495 0.08107743412256241 0.08826516568660736 0.0714685320854187 0.05673282593488693
11.0 0.04159923270344734 0.2130245864391327 0.09608086198568344 0.15227290987968445 0.11715293675661087
11.0 0.03447623923420906 0.3331383764743805 0.09632567316293716 0.17628826200962067 0.11979460716247559
1.0 0.05335032939910889 0.49317511916160583 0.09210585802793503 0.18954142928123474 0.1066729724407196
19.0 0.0003108985838480294 0.5714285969734192 -5.179619513683821e-41 1.4190949548217422e-41 -3.109481292336769e-42
11.0 0.004421583842486143 0.7504537105560303 0.0750373899936676 0.12014849483966827 0.08686050772666931
11.0 0.008718200959265232 0.9020279049873352 0.07712151110172272 0.06595783680677414 0.050840798765420914
17.0 0.00914278905838728 0.0630585178732872 0.2054257094860077 0.06746885925531387 0.07952109724283218
0.0 -0.0007678119582124054 0.1428571492433548 0.1428571492433548 -3.5768143301890956e-41 1.7095841264762768e-43
17.0 0.05765964835882187 0.3443620800971985 0.2137790024280548 0.23091189563274384 0.16189633309841156
17.0 -0.0018781176768243313 0.48232904076576233 0.21319608390331268 0.06848473101854324 0.08046119660139084
17.0 0.0437765009701252 0.6236738562583923 0.21555963158607483 0.08922973275184631 0.0796484723687172
17.0 0.05010022222995758 0.7650630474090576 0.222228541970253 0.1590990126132965 0.15415766835212708
17.0 0.01617913693189621 0.885440468788147 0.20055240392684937 0.08544750511646271 0.06757944822311401
17.0 -0.0010999849764630198 -1.9459831774078735e-41 0.2857142984867096 -4.471543399660491e-42 -7.16203645116414e-42
17.0 0.00010659233521437272 0.1428571492433548 0.2857142984867096 1.807675018979014e-41 -1.7516230804060213e-42
19.0 0.0776975229382515 0.35647135972976685 0.35153743624687195 0.2813113331794739 0.29490652680397034
19.0 -0.08544962108135223 0.5113572478294373 0.3541015386581421 0.3902812600135803 0.30051684379577637
17.0 0.013639064505696297 0.6341923475265503 0.35970839858055115 0.0904032364487648 0.06635543704032898
0.0 0.033950235694646835 0.7771588563919067 0.3625774085521698 0.07541445642709732 0.08428715914487839
0.0 -0.00013125926489010453 0.8571429252624512 0.2857142984867096 3.323039178299871e-41 -2.114559382666149e-41
0.0 0.04662943258881569 0.0486077144742012 0.4996662735939026 0.04936691373586655 0.12250642478466034
17.0 0.05570255219936371 0.20133914053440094 0.5114476084709167 0.21309371292591095 0.3012671172618866
13.0 -0.02556203305721283 0.34515082836151123 0.5270867347717285 0.11624149978160858 0.11025479435920715
19.0 0.3232051432132721 0.5102115869522095 0.49028047919273376 0.6646637916564941 0.4870530962944031
13.0 -0.05944562703371048 0.6370758414268494 0.5129412412643433 0.11258933693170547 0.10698655992746353
19.0 0.02427908405661583 0.7840396165847778 0.5110911130905151 0.08170352131128311 0.10633803904056549
0.0 0.01835962012410164 0.9066334366798401 0.5053129196166992 0.10045745223760605 0.211150124669075
0.0 -0.011268184520304203 0.08606116473674774 0.6240434646606445 0.1009025126695633 0.24424238502979279
15.0 0.24428632855415344 0.18560287356376648 0.6208528280258179 0.09290875494480133 0.128203347325325
15.0 0.09290991723537445 0.36083608865737915 0.6292411088943481 0.20191167294979095 0.2255581021308899
18.0 -0.05389241874217987 0.4995846152305603 0.6053663492202759 0.11137883365154266 0.09772168099880219
15.0 0.14527100324630737 0.6182692050933838 0.609728217124939 0.22105802595615387 0.2502555549144745
15.0 0.2210911214351654 0.7829452753067017 0.6161392331123352 0.17301888763904572 0.26072487235069275
15.0 0.008875789120793343 0.9496620297431946 0.6244589686393738 0.05524427071213722 0.12927035987377167
15.0 -0.03854807838797569 0.08230303972959518 0.7646487355232239 0.125458762049675 0.15481190383434296
15.0 -0.03722776100039482 0.19480307400226593 0.7648022770881653 0.0892920196056366 0.12671856582164764
15.0 0.071207195520401 0.35295072197914124 0.7708132266998291 0.278418630361557 0.193706676363945
15.0 0.1870579719543457 0.48214858770370483 0.7599300742149353 0.41889479756355286 0.2398560494184494
15.0 0.07461675256490707 0.6265456676483154 0.7518447041511536 0.2947528064250946 0.1966823786497116
15.0 0.11695929616689682 0.7670705318450928 0.7626768946647644 0.24748541414737701 0.21195834875106812
15.0 0.028412237763404846 0.9001867175102234 0.7523297667503357 0.14447270333766937 0.14393678307533264
11.0 0.005222311243414879 0.07677111774682999 0.8753844499588013 0.09897617250680923 0.08010357618331909
1.0 0.007460177876055241 0.19090667366981506 0.8957678079605103 0.1389109343290329 0.12522228062152863
16.0 -0.005376745946705341 0.3723684847354889 0.8946242332458496 0.06521756947040558 0.0815330296754837
15.0 0.004066769499331713 0.4937181770801544 0.8917904496192932 0.17453710734844208 0.10516367107629776
15.0 0.01667112484574318 0.6252996325492859 0.8865514993667603 0.22271664440631866 0.11131273210048676
15.0 0.017058413475751877 0.778217077255249 0.8982813954353333 0.1786239892244339 0.11728571355342865
11.0 0.01580437831580639 0.8813023567199707 0.8919437527656555 0.1107376366853714 0.11296403408050537
