11.0 0.003693976905196905 0.06065637245774269 0.07303375005722046 0.046024300158023834 0.046672891825437546
11.0 0.008870518766343594 0.1970147341489792 0.0670207291841507 0.10469745099544525 0.07316717505455017
11.0 0.0007221205742098391 0.2857142984867096 -3.0036832582802454e-41 -6.021379501203739e-42 3.0701048054892417e-41
7.0 0.0004039871273562312 0.4285714626312256 1.190963564829662e-41 1.3528135374591784e-41 -1.47374559493041e-41
11.0 0.0004563143302220851 0.5714285969734192 -4.195487602188502e-42 3.4822266838471704e-42 -1.4388532631687222e-41
11.0 0.0008150461362674832 0.7431580424308777 0.05610514432191849 0.11766088753938675 0.07974027097225189
11.0 0.004673306830227375 0.9113142490386963 0.06837644428014755 0.0427919439971447 0.042839113622903824
9.0 0.006741995923221111 0.07842473685741425 0.2235966920852661 0.08485030382871628 0.08063231408596039
9.0 0.05119716003537178 0.18007412552833557 0.20490367710590363 0.11829040944576263 0.08647815883159637
9.0 0.03022942692041397 0.3547878563404083 0.21796762943267822 0.11629369109869003 0.0759853944182396
0.0 0.010000579990446568 0.48389965295791626 0.22855322062969208 0.04138677194714546 0.062359798699617386
9.0 -0.010898876003921032 0.6398686766624451 0.20944665372371674 0.06264177709817886 0.05240219086408615
9.0 0.031401269137859344 0.7702153921127319 0.20604170858860016 0.1222521960735321 0.10435280203819275
9.0 0.002131299115717411 0.8957074284553528 0.20253604650497437 0.09090117365121841 0.05601631850004196
0.0 -0.0002482165873516351 -2.6921746096608386e-41 0.2857142984867096 3.452799416096349e-42 2.0014745965951362e-41
9.0 -0.00016853990382514894 0.1428571492433548 0.2857142984867096 -3.0584740282353457e-41 -6.459985920537407e-42
9.0 0.023655153810977936 0.36419159173965454 0.3662833571434021 0.08748797327280045 0.06675457209348679
9.0 0.01605369709432125 0.4659237265586853 0.38530775904655457 0.22255626320838928 0.18308833241462708
9.0 0.008345641195774078 0.641567587852478 0.36551183462142944 0.07829165458679199 0.07071985304355621
9.0 -0.01335861999541521 0.7595039010047913 0.36237233877182007 0.1346033662557602 0.12285957485437393
9.0 0.038548752665519714 0.9012092351913452 0.345285564661026 0.0693393349647522 0.10012362152338028
9.0 0.08044055849313736 0.09110407531261444 0.5107766389846802 0.11908651143312454 0.18549425899982452
9.0 0.009897897019982338 0.2089514136314392 0.49985289573669434 0.0670877993106842 0.08599719405174255
9.0 0.22692270576953888 0.3908030092716217 0.49694690108299255 0.3257445991039276 0.26619622111320496
9.0 0.44150084257125854 0.46277669072151184 0.49166378378868103 0.4747990071773529 0.380056232213974
9.0 0.014271771535277367 0.621178925037384 0.5215386748313904 0.3097360134124756 0.29517289996147156
9.0 0.060186415910720825 0.7572866082191467 0.5189374089241028 0.04961833730340004 0.08704528212547302
9.0 0.03961953893303871 0.9097110033035278 0.5183023810386658 0.10940709710121155 0.20361191034317017
9.0 0.11226754635572433 0.0437634103000164 0.6239808201789856 0.04820026457309723 0.1226005107164383
9.0 0.3948005735874176 0.21054884791374207 0.6273910403251648 0.079134002327919 0.09901197254657745
0.0 0.28081849217414856 0.36107808351516724 0.6290874481201172 0.12581568956375122 0.17869938910007477
9.0 0.13921865820884705 0.47630447149276733 0.629619836807251 0.3565284311771393 0.28512653708457947
9.0 0.26664361357688904 0.6489514112472534 0.6392993330955505 0.1898488849401474 0.23225773870944977
0.0 0.25518983602523804 0.7695631384849548 0.6280376315116882 0.14275629818439484 0.2715817391872406
0.0 0.016655080020427704 0.9448285102844238 0.6306521892547607 0.06774182617664337 0.12792055308818817
9.0 0.016456156969070435 0.026155538856983185 0.7621272802352905 0.04785965383052826 0.11152540147304535
0.0 0.03302096202969551 0.20561529695987701 0.7637477517127991 0.07012913376092911 0.10244153439998627
9.0 0.03707823157310486 0.354226678609848 0.7676621079444885 0.2024998515844345 0.16429035365581512
9.0 0.08544358611106873 0.4942420423030853 0.7791891694068909 0.25223955512046814 0.17324961721897125
15.0 0.0059851547703146935 0.6200534105300903 0.7643044590950012 0.25016486644744873 0.19941572844982147
0.0 -0.028803836554288864 0.7535969614982605 0.7750285267829895 0.0709979459643364 0.1177314966917038
9.0 0.005047126207500696 0.8975578546524048 0.7546108961105347 0.13466708362102509 0.16832730174064636
11.0 0.0013504473026841879 0.07031813263893127 0.8827558159828186 0.08525791019201279 0.04309261217713356
0.0 0.015913520008325577 0.20226554572582245 0.8881850242614746 0.12552335858345032 0.10353637486696243
9.0 0.007627524901181459 0.36424583196640015 0.8919509649276733 0.06027855724096298 0.08161705732345581
0.0 0.07482753694057465 0.5017189979553223 0.8962880969047546 0.17620958387851715 0.1118379458785057
0.0 0.022833537310361862 0.6331508159637451 0.9050692319869995 0.12780344486236572 0.07928548008203506
15.0 0.04099196568131447 0.7700386643409729 0.8776313662528992 0.10604666918516159 0.11083432286977768
11.0 0.005671206396073103 0.8997859954833984 0.8781653046607971 0.08786579221487045 0.06651891022920609
