0.20016638934612274
-0.04033786430954933
0.03845392167568207
0.04269331321120262
0.00350357498973608
-0.055482301861047745
-0.014004934579133987
0.016765227541327477
-0.07947839051485062
0.026567494496703148
-0.013813430443406105
0.4639753997325897
-0.04165732115507126
0.0024998504668474197
0.14147762954235077
-0.057819291949272156
-0.02903015725314617
-0.010597568936645985
0.03336544334888458
0.018892066553235054
0.0029344570357352495
0.5675420165061951
0.6178561449050903
0.5002797245979309
0.39712977409362793
-0.00013771443627774715
2.7715161287109097e-40
-5.312462608101814e-41
-8.379764816662406e-43
-2.3848278174804764e-40
0.27774396538734436
0.059053726494312286
0.19278062880039215
-0.019742699339985847
-0.02905341237783432
-0.00616509048268199
0.037189386785030365
0.053770411759614944
-0.026089616119861603
0.04160147160291672
0.0003672204911708832
0.3460981845855713
-0.016107898205518723
-0.008934779092669487
0.10405083745718002
-0.013786732219159603
0.031029755249619484
-0.01703728176653385
0.013734511099755764
0.02387411706149578
0.04159923270344734
0.49117210507392883
0.6725659966468811
1.0659103393554688
0.8200705051422119
-0.0006773268105462193
-3.6608922380485846e-41
-3.4481751311640774e-41
2.074300077786097e-40
-8.950373551335472e-41
0.16408459842205048
0.08126312494277954
-0.0005834726616740227
0.008070939220488071
0.028042428195476532
0.00915397610515356
0.04919019341468811
-0.015250875614583492
0.002759326249361038
0.12553954124450684
0.0741197019815445
0.22522340714931488
0.013565833680331707
-0.012723159976303577
0.04671621695160866
0.014280077069997787
0.010362287051975727
0.010930119082331657
0.0030859701801091433
0.20371481776237488
0.03447623923420906
0.3319685161113739
0.6742796897888184
1.2340177297592163
0.8385621905326843
0.0003750443283934146
1.6729681976034694e-40
-1.7248302537681308e-40
-3.037314421424041e-41
1.4798552562348663e-40
0.19102716445922852
0.2264460027217865
-0.007720533292740583
-0.017165791243314743
0.019396301358938217
-0.027609746903181076
0.0731125921010971
0.06277977675199509
0.0041762711480259895
0.10074817389249802
-0.053636424243450165
0.1899685263633728
-0.01502712070941925
0.020775681361556053
-0.0015002530999481678
0.03381330519914627
-0.005921017378568649
0.14198996126651764
-0.0001489771530032158
-0.045325867831707
0.05335032939910889
0.45222577452659607
0.6447409987449646
1.3267899751663208
0.7467107772827148
0.0003277370997238904
-1.0667244429826237e-40
7.83171698726497e-41
7.113411394452069e-41
2.5176989378677556e-40
0.28470921516418457
-0.012485742568969727
-0.06412171572446823
-0.06379334628582001
-0.017662137746810913
-0.014555484987795353
0.06936140358448029
-0.0023459927178919315
0.027072452008724213
0.11492639034986496
-0.014908350072801113
0.10260108858346939
0.06750123202800751
-0.0252811461687088
0.05890137329697609
-0.10167241096496582
-0.005306202918291092
0.1351148784160614
-0.01105301734060049
0.3197377026081085
-0.004800278227776289
0.4069352149963379
0.5286077857017517
1.2217332124710083
0.6706051826477051
0.0003108985838480294
3.532673428562864e-42
-3.625733659578675e-40
9.93338442405933e-41
-2.1769171643286033e-41
0.21209324896335602
-0.0346527099609375
0.1285485029220581
-0.03905695304274559
0.04694085568189621
0.003671037033200264
0.013410755433142185
0.06736042350530624
0.01993413269519806
0.026496173813939095
0.015793414786458015
0.25513744354248047
-0.061468467116355896
0.01032780297100544
0.25364184379577637
-0.013873261399567127
0.024628886952996254
-0.04479767382144928
0.025888336822390556
0.08489613234996796
0.004421583842486143
0.2531758248806
0.5252617001533508
0.8410394191741943
0.6080235242843628
0.0002464163408149034
-1.6342503210341747e-40
-7.794162188421065e-41
2.148779091164961e-40
5.467446218256139e-41
0.2117753028869629
-0.007991443388164043
0.024275513365864754
-0.008020387031137943
0.002009025774896145
-0.015780186280608177
-0.01784174144268036
-0.037233658134937286
0.06530190259218216
0.0006427140906453133
-0.00980980135500431
0.4657978117465973
-0.055728018283843994
0.006314417812973261
0.11325179040431976
0.01476677693426609
-0.0013755322434008121
0.018603358417749405
-0.018891392275691032
0.007203282788395882
0.008718200959265232
0.31419527530670166
0.5398505330085754
0.4617048501968384
0.3558855652809143
-0.000295069970889017
1.5840838360113462e-40
5.043973822337179e-41
7.409505759963903e-41
-3.262503084641039e-41
0.21679328382015228
0.08618281781673431
0.0020281169563531876
0.015081140212714672
-0.03808959200978279
-0.00781325064599514
0.016258126124739647
0.024925779551267624
-0.0202393289655447
-0.0330374613404274
0.03892277181148529
0.10983286798000336
0.023674363270401955
0.012827649712562561
0.15859171748161316
-0.002366499975323677
0.0046835835091769695
0.2562657296657562
-6.785860750824213e-05
0.1895526498556137
0.0013066332321614027
0.5817161798477173
0.5787012577056885
0.7834161520004272
0.7979481220245361
0.00914278905838728
0.4414096176624298
0.4379799962043762
0.4722819924354553
0.5566476583480835
0.29506757855415344
0.14046300947666168
0.12264811992645264
0.0017233379185199738
-0.023294255137443542
0.020436080172657967
0.04631650447845459
0.09270491451025009
-0.00974554754793644
0.04243883863091469
0.021526185795664787
-0.055005960166454315
-0.018498608842492104
0.0012745950371026993
0.05087189003825188
-0.03470252454280853
0.011158371344208717
0.23946629464626312
0.07347369939088821
0.22615790367126465
-0.028255518525838852
0.466116726398468
0.44198429584503174
1.0802814960479736
1.1267330646514893
-0.0007678119582124054
-2.2186618455808396e-40
-1.3468159800318682e-40
-2.5037980571016534e-40
1.1925049931404193e-42
0.019197264686226845
0.10644938796758652
0.15662725269794464
0.027373742312192917
-0.010907907038927078
-0.020181898027658463
-0.011513938196003437
0.06004118174314499
0.019547482952475548
0.006655266974121332
0.02556792087852955
0.1338890790939331
-0.016774408519268036
0.029775377362966537
0.083258256316185
0.015622347593307495
0.005923794582486153
0.33026963472366333
-0.03391602635383606
0.1662830412387848
0.05765964835882187
0.4105343520641327
0.4964529275894165
1.6163831949234009
1.1332743167877197
-0.018624886870384216
0.28032049536705017
0.40397652983665466
0.7543150186538696
0.6034351587295532
-0.024630466476082802
0.19641408324241638
0.07325246185064316
-0.007654519751667976
-0.04440929368138313
-0.004790479317307472
0.01587921380996704
0.047223083674907684
-0.037824127823114395
0.032772455364465714
0.026738910004496574
0.06978214532136917
0.03779429569840431
0.047434255480766296
0.22278739511966705
0.04534555599093437
0.01039773877710104
0.31900152564048767
0.0778551772236824
-0.007747644558548927
-0.02056146040558815
0.5191988348960876
0.5257360935211182
2.283865213394165
1.2552275657653809
-0.0018781176768243313
0.37630316615104675
0.4923724830150604
0.4793930947780609
0.5632283687591553
0.01883724145591259
0.14948783814907074
0.11028286814689636
0.09056471288204193
0.05393018573522568
-0.010456572286784649
-0.03409310430288315
0.0398268848657608
0.014476585201919079
0.016512377187609673
0.02517579309642315
-0.006931683514267206
-0.030523167923092842
-0.0014885812997817993
0.16956941783428192
0.024013670161366463
0.019821899011731148
0.23364481329917908
0.01672315038740635
0.12488853931427002
0.025918588042259216
0.2461867779493332
0.5676541328430176
1.4111374616622925
0.9429371953010559
0.0437765009701252
0.36571696400642395
0.5089172720909119
0.6246080994606018
0.5575392842292786
0.17465709149837494
0.11107739806175232
0.07014197111129761
-0.04488176107406616
0.0725318193435669
-0.016000032424926758
0.06979426741600037
0.07070457935333252
0.007922865450382233
0.06454166024923325
0.049781981855630875
-0.03601750731468201
0.00968964770436287
-0.01623973809182644
0.10468456894159317
-0.01403366681188345
0.03116803616285324
0.3164864182472229
0.03811820596456528
0.1450779139995575
0.05010022222995758
0.3554408550262451
0.5555996894836426
1.1136929988861084
1.0791035890579224
-0.015154232271015644
0.4501248300075531
0.3902185261249542
0.5599808096885681
0.6128625869750977
0.05793048068881035
0.16562190651893616
0.030024081468582153
-0.005005804821848869
0.019502216950058937
0.0006703902035951614
0.0311310775578022
-0.015326504595577717
-0.02518528327345848
0.025260835886001587
0.023845987394452095
0.25102952122688293
0.06614655256271362
0.04301922768354416
0.13850536942481995
0.06533936411142349
-0.0005905239377170801
0.2639213800430298
0.018642975017428398
0.04867558181285858
0.006867739837616682
0.4467603266239166
0.5483161807060242
0.6335236430168152
0.7194355130195618
0.01617913693189621
0.19808270037174225
0.40386679768562317
0.5981324911117554
0.4730561375617981
0.19027546048164368
0.09056337922811508
0.05146975442767143
0.008760256692767143
0.009310373105108738
0.04916254058480263
0.05632095783948898
0.0018296577036380768
-0.01626412570476532
0.006934657692909241
-0.046122219413518906
0.07564697414636612
0.01420618686825037
0.08827220648527145
0.07534076273441315
-0.03959893435239792
-0.0009893134701997042
0.25340792536735535
0.021002933382987976
0.1375202238559723
-0.057977017015218735
0.5805727243423462
0.4872919023036957
0.6964367628097534
1.2254042625427246
-0.0010999849764630198
-1.3622302631394412e-40
2.4332707053921854e-40
-3.1302205096087764e-41
-5.013145256122033e-41
0.14253607392311096
0.08945053070783615
0.035178326070308685
0.047057218849658966
0.013619596138596535
0.010813028551638126
0.014779538847506046
0.05383048579096794
0.04528430849313736
0.042485836893320084
-0.05939429998397827
0.19198285043239594
0.003890128806233406
0.006137990392744541
-0.050850819796323776
0.03464967757463455
0.0029643834568560123
0.27961182594299316
-0.01691560633480549
0.19831383228302002
-0.060318317264318466
0.4497433602809906
0.4697711169719696
1.051153302192688
1.3982418775558472
0.00010659233521437272
8.617565166058328e-41
-8.106651745965499e-41
1.26533047433138e-40
-1.22641641597708e-41
0.1745317429304123
0.16277137398719788
0.06770665943622589
0.06622585654258728
-0.01023140735924244
-0.03365921601653099
0.04255235940217972
0.021110638976097107
0.012916999869048595
0.06649678200483322
-0.01509132795035839
0.10104557871818542
-0.00850166566669941
0.1298481822013855
-0.041462503373622894
-0.05829679220914841
0.0005236896686255932
0.16179530322551727
0.019355766475200653
0.19907359778881073
0.0776975229382515
0.49529942870140076
0.4607621431350708
1.9691792726516724
2.064345598220825
0.04433424398303032
0.47137072682380676
0.49883782863616943
0.7103409171104431
0.6815981268882751
0.13270021975040436
0.11876226961612701
-0.00436687096953392
0.021878905594348907
0.021758748218417168
-0.022460706532001495
0.03657545894384384
0.04795511066913605
0.03640596196055412
-0.010630154050886631
0.05434366688132286
0.02428654581308365
-0.0410303920507431
0.1448189914226532
0.01905929483473301
-0.07812400907278061
-0.0017102942802011967
0.16655707359313965
0.033909283578395844
0.24692881107330322
-0.09223996102809906
0.5059744715690613
0.5377821922302246
0.7689208388328552
0.5824045538902283
-0.08544962108135223
0.5795006155967712
0.4787105917930603
2.731968641281128
2.1036179065704346
0.11832665652036667
0.1796172708272934
0.05866759642958641
0.02098166197538376
0.03775634616613388
0.021144716069102287
-0.006703069433569908
0.0048209866508841515
0.0739317461848259
0.003046647645533085
-0.004060989711433649
0.04261243715882301
0.0034897923469543457
0.13308793306350708
0.034147344529628754
-0.0501321442425251
0.020752154290676117
0.19140784442424774
0.01586916297674179
0.1716599017381668
-0.018143555149435997
0.4232710301876068
0.5043864846229553
1.6466269493103027
1.3985975980758667
0.013639064505696297
0.4393465518951416
0.5179587006568909
0.6328226327896118
0.46448802947998047
0.24440224468708038
0.11531888693571091
0.01649598591029644
0.025499019771814346
0.005165145732462406
0.02258438803255558
-0.0028213057667016983
0.0005470560863614082
0.0760110393166542
0.02897486835718155
-0.026711871847510338
0.16616547107696533
0.00460174772888422
0.08529025316238403
-0.10165621340274811
0.07684987783432007
0.014178774319589138
0.21050673723220825
-0.01911967247724533
0.15960834920406342
0.03019407019019127
0.4054241478443146
0.6249895691871643
1.3991996049880981
1.5886049270629883
0.033950235694646835
0.44011151790618896
0.538041889667511
0.5279011726379395
0.5900101065635681
0.227951318025589
0.10568492859601974
0.03141435608267784
0.03118029609322548
0.02900843508541584
0.014511979185044765
0.012473898939788342
-0.0013363827019929886
-0.017999054864048958
0.018068354576826096
-0.010464375838637352
0.07010549306869507
0.016338035464286804
0.0698365643620491
0.14309324324131012
0.02480701543390751
-0.0052676573395729065
0.1645166277885437
0.053110599517822266
0.10917717963457108
-0.02767479605972767
0.2316436916589737
0.4821797311306
0.6100729703903198
1.2307310104370117
-0.00013125926489010453
-3.545285114741787e-41
-1.4346914067296775e-40
2.326141437794553e-40
-1.4802055808509475e-40
0.3161153197288513
0.0978378877043724
0.024400610476732254
0.03709843009710312
0.008787916041910648
0.0460859052836895
-0.026516607031226158
-0.006749126594513655
0.029132388532161713
0.014039523899555206
0.01453718263655901
-0.016984716057777405
-0.02124972455203533
0.08807435631752014
0.039811961352825165
0.1451166719198227
-0.02257383055984974
0.047233156859874725
0.016439922153949738
0.23513294756412506
0.02814362198114395
0.5890129804611206
0.5143215656280518
0.7684399485588074
1.751949667930603
0.04662943258881569
0.3402539789676666
0.497663676738739
0.34556838870048523
0.8575449585914612
0.1836126446723938
0.044508978724479675
0.0039724321104586124
-0.002703258767724037
0.0008814670145511627
0.0039620837196707726
0.009720358066260815
-0.01941310055553913
0.0336056724190712
0.09723325073719025
-0.04056766256690025
0.020526936277747154
0.03962593525648117
0.15275046229362488
-0.029373938217759132
0.14832803606987
0.006217988207936287
0.18544605374336243
0.035685811191797256
0.12826785445213318
0.05570255219936371
0.4093738794326782
0.5801329016685486
1.491655945777893
2.108869791030884
0.012742116115987301
0.5114263892173767
0.6731699705123901
0.6495853662490845
0.7314473390579224
0.16106165945529938
0.07661955058574677
-0.013161297887563705
0.0013202428817749023
0.037373535335063934
0.08185091614723206
-0.0031562908552587032
-0.005711639299988747
-0.04372396320104599
0.08793723583221436
-0.03182267025113106
-0.047049541026353836
0.019590552896261215
0.2382829636335373
-0.034302230924367905
0.20917409658432007
0.0063012330792844296
0.08185864239931107
-0.0381467342376709
0.1455971598625183
-0.02556203305721283
0.41605570912361145
0.6896069645881653
0.8136904835700989
0.7717835307121277
-0.11000531166791916
0.5560083985328674
0.5685856938362122
2.5998804569244385
2.664301633834839
-0.06449579447507858
0.1220322847366333
9.690877050161362e-06
-0.005008240230381489
0.058458372950553894
0.03342212364077568
0.0236331969499588
0.0003798389807343483
-0.032772984355688095
0.07954245060682297
-0.041145697236061096
-0.051358550786972046
-0.020063547417521477
0.2869817912578583
-0.0348312072455883
0.12420007586479187
0.020032454282045364
0.014452928677201271
0.03574685752391815
0.34529972076416016
0.3232051432132721
0.5714806318283081
0.431963175535202
4.652646541595459
3.4093716144561768
0.10511971265077591
0.5905818343162537
0.6492257118225098
1.0499732494354248
1.0378001928329468
0.05061279982328415
0.12803953886032104
0.05731821805238724
0.037830058485269547
0.04945261776447296
0.05933916196227074
-0.007405698299407959
0.003150593489408493
-0.02731928415596485
0.0938926637172699
-0.02792532742023468
-0.03398188576102257
0.015111416578292847
0.18470712006092072
-0.022343147546052933
0.13166719675064087
-0.012389515526592731
0.08347686380147934
0.03496222198009491
0.15659089386463165
-0.10814419388771057
0.35296350717544556
0.4838795065879822
2.336421251296997
2.1438581943511963
-0.05944562703371048
0.4595308005809784
0.5905885696411133
0.7881253361701965
0.7489058971405029
0.26591619849205017
0.06538240611553192
0.002744461875408888
0.05661666393280029
-0.017824538052082062
0.03944224491715431
0.01096004992723465
-0.008272575214505196
0.02599998749792576
0.10029980540275574
-0.054862864315509796
-0.07333647459745407
-0.013424760662019253
0.14262263476848602
-0.011644463986158371
0.060727376490831375
0.048453379422426224
0.06152723357081413
-0.03847292810678482
0.3201962411403656
0.020992837846279144
0.41005027294158936
0.6148797869682312
1.3728728294372559
1.6829195022583008
0.02427908405661583
0.48827674984931946
0.5776373744010925
0.57192462682724
0.7443662285804749
0.38523316383361816
0.10176274925470352
-0.02797599695622921
0.024760562926530838
0.03864480182528496
-0.01647251658141613
-0.0073598939925432205
0.01148751936852932
-0.027743063867092133
0.04872376099228859
-0.085650235414505
0.02584000676870346
0.02204952761530876
0.14251752197742462
-0.017716437578201294
0.12784722447395325
-0.046173833310604095
0.05121549963951111
0.010089916177093983
0.28789636492729187
0.01835962012410164
0.3464334309101105
0.537190318107605
0.7032021284103394
1.4780508279800415
0.017733611166477203
0.6855330467224121
0.609704315662384
0.2893703877925873
0.8310331106185913
0.24413850903511047
0.07924693077802658
-0.008621640503406525
0.04324233531951904
-0.0261136032640934
-0.0341327041387558
0.021407708525657654
0.029819725081324577
0.07870487868785858
0.0261769350618124
0.039427585899829865
0.06786102056503296
0.045089609920978546
-0.044629212468862534
-0.07553403824567795
0.210082545876503
-0.06121152639389038
0.19817636907100677
0.07377275824546814
0.06520934402942657
-0.011268184520304203
0.602428138256073
0.3683040142059326
0.7063175439834595
1.709696650505066
-0.025939229875802994
0.2214617282152176
0.43760600686073303
0.43494346737861633
0.8339331150054932
0.21340782940387726
0.09370841830968857
0.01609669253230095
-0.023024724796414375
-0.014744513668119907
-0.005799042526632547
0.04476788640022278
0.021348251029849052
-0.0064716460183262825
0.022097118198871613
-0.027045611292123795
0.1875164955854416
0.04907102510333061
0.04075928032398224
-0.02935635857284069
0.290791392326355
0.04517287015914917
0.0350431352853775
0.010201750323176384
0.03944331407546997
0.2330605685710907
0.5298864841461182
0.4631774425506592
0.9903939962387085
1.8180235624313354
0.24428632855415344
0.2992200255393982
0.34596967697143555
0.6503612399101257
0.8974233865737915
0.13598699867725372
0.15109100937843323
0.09611089527606964
0.025916844606399536
-0.09924905002117157
-0.0013761847512796521
0.02436789497733116
0.0011455067433416843
0.01739037223160267
0.004332423210144043
-0.025047099217772484
-0.022879470139741898
0.04940877854824066
0.06432326883077621
0.024152912199497223
0.2706395983695984
0.02328689955174923
0.06925014406442642
0.09340299665927887
0.06793934106826782
0.09290991723537445
0.525852382183075
0.4046875834465027
1.4133816957473755
1.5789066553115845
-0.0003703752881847322
-1.2716783563747715e-40
2.1441267802634026e-41
6.699748087783383e-41
-4.04176516065207e-41
0.15423637628555298
0.11371639370918274
0.022509757429361343
0.018145982176065445
-0.002019926905632019
-0.025614282116293907
-0.004665703512728214
0.01232069544494152
0.033303141593933105
0.01745489612221718
0.0022980384528636932
-0.010650357231497765
0.04347585141658783
0.03630439564585686
-0.03917757421731949
0.14325067400932312
0.05972592532634735
0.07909340411424637
0.23879843950271606
0.06773416697978973
-0.05527523532509804
0.3813876509666443
0.2626412510871887
2.943493366241455
2.4445462226867676
-0.05389241874217987
0.49709221720695496
0.23756416141986847
0.7796518206596375
0.6840517520904541
0.23018363118171692
0.12793199717998505
0.06439066678285599
0.026284195482730865
-0.0870443806052208
-0.020832661539316177
0.042242273688316345
-0.00740085169672966
0.021710028871893883
-0.04260745644569397
0.01189584843814373
-0.029842937365174294
0.008909017778933048
0.04764242842793465
-0.04745211824774742
0.27354803681373596
0.062375593930482864
0.1386985182762146
0.1025577187538147
0.052832864224910736
0.14527100324630737
0.32788440585136414
0.26809731125831604
1.5474060773849487
1.751788854598999
0.0008148758206516504
2.113368278971473e-40
-5.118943290178557e-42
2.4496939233940722e-40
-9.065280025410107e-41
0.012938464991748333
0.10896303504705429
0.03308236598968506
0.01586407795548439
0.032269030809402466
0.02943400852382183
0.03952892869710922
-0.013067364692687988
0.061895377933979034
0.006879095453768969
-0.009205068461596966
0.0249510295689106
0.01664431393146515
0.049929920583963394
-0.015024088323116302
0.3922880291938782
-0.06294145435094833
0.11378159373998642
0.011979498900473118
0.15883535146713257
0.2210911214351654
0.4806164801120758
0.3129744529724121
1.2111321687698364
1.8250739574432373
0.1893187016248703
0.5286630988121033
0.23593346774578094
0.6580283045768738
1.0136516094207764
0.06800080835819244
0.07497423142194748
-0.00016811257228255272
0.025828251615166664
0.02888764999806881
-0.02284950762987137
0.010327091440558434
0.0061543602496385574
0.055761147290468216
-0.021139411255717278
-0.05460492521524429
0.21700547635555267
0.09258591383695602
0.010169504210352898
0.07310818880796432
0.32364481687545776
0.012990030460059643
0.12752662599086761
0.06653093546628952
0.0019872160628437996
-0.0371316596865654
0.29813823103904724
0.4141078293323517
0.7396646738052368
1.2626787424087524
0.008875789120793343
0.647633969783783
0.3712123930454254
0.38670986890792847
0.9048924446105957
0.0317593514919281
0.08709513396024704
0.0069502657279372215
0.004951945506036282
0.014443587511777878
0.009630720131099224
-0.0038069074507802725
-0.02882903628051281
0.013102160766720772
0.05244652181863785
0.01873861625790596
0.09072063118219376
0.04002280533313751
0.028364770114421844
0.037737514823675156
0.46931037306785583
0.011998273432254791
0.09011676162481308
0.12541797757148743
0.02644592523574829
-0.03854807838797569
0.5761212706565857
0.3525412082672119
0.8782113194465637
1.0836832523345947
-0.05699340999126434
0.2928767204284668
0.29354962706565857
0.5645257234573364
1.0505372285842896
0.05498579889535904
0.07609128952026367
0.07137852162122726
0.004670619498938322
-0.023749640211462975
0.007013087160885334
0.024256031960248947
-0.031107692047953606
0.10262645035982132
0.07135023921728134
0.002851049415767193
0.030586719512939453
-0.0006445094477385283
0.021925821900367737
-0.07402440160512924
0.3709437847137451
0.08046980202198029
0.09005115181207657
0.07855913788080215
-0.04416327178478241
-0.11119937896728516
0.4374181926250458
0.34464171528816223
1.3770860433578491
1.3592557907104492
-0.03722776100039482
0.36362141370773315
0.3536156117916107
0.6250441074371338
0.8870298862457275
-0.09920716285705566
0.1755588948726654
0.10004525631666183
0.014957832172513008
0.04229769855737686
-0.003922280855476856
-0.051464539021253586
0.03173622488975525
-0.014354648999869823
0.0419662669301033
0.022956039756536484
0.0656958818435669
0.09555418789386749
0.024958645924925804
-0.08095385134220123
0.4889422357082367
-0.11357203871011734
-0.0018636207096278667
0.19208180904388428
0.06283032894134521
0.071207195520401
0.4706549048423767
0.3956921696662903
1.948930263519287
1.355946660041809
0.00039398681838065386
8.07848564683257e-41
-4.724898162010418e-41
3.6464448508813957e-40
-8.434695716463939e-41
-0.04391469433903694
0.12112275511026382
0.01184889767318964
-0.04627780616283417
-0.0006346246227622032
0.050221528857946396
0.0579538494348526
0.025394052267074585
0.08931996673345566
0.03104020282626152
-0.015430898405611515
0.15479758381843567
0.07091442495584488
0.05122360214591026
-0.04319828748703003
0.21192622184753418
0.07724889367818832
0.009444750845432281
0.13182991743087769
0.060118936002254486
0.1870579719543457
0.37504005432128906
0.31951040029525757
2.9322633743286133
1.6789922714233398
0.0005277534364722669
1.547313764307463e-41
2.00740208909923e-40
-1.6547513175672467e-40
2.6978638814259973e-40
0.06753037869930267
0.1883622258901596
0.02257583849132061
0.0193396657705307
0.008854271844029427
-0.012079242616891861
0.006814837455749512
0.05623605102300644
0.007941609248518944
0.06010310351848602
0.03099840320646763
0.02366206794977188
0.019718671217560768
0.08171046525239944
-0.06157727912068367
0.4011750817298889
0.08660941570997238
0.013469736091792583
0.0855797678232193
-0.034593746066093445
0.07461675256490707
0.3858191967010498
0.2629125416278839
2.06326961517334
1.3767765760421753
-0.0007950794533826411
-8.564315824413984e-41
-2.610829233806783e-40
-1.4080527229228627e-40
1.0712646500070362e-40
-0.058177657425403595
0.0970376655459404
0.0643787756562233
0.0015555352438241243
0.033962808549404144
0.039698634296655655
0.03416214510798454
-0.040466491132974625
-0.014849573373794556
0.024586398154497147
0.00823725014925003
0.16942906379699707
0.019176390022039413
0.004109061323106289
-0.030057590454816818
0.382951021194458
0.051264528185129166
0.02002190239727497
0.14482329785823822
0.03157353401184082
0.11695929616689682
0.3694933354854584
0.33873793482780457
1.7323977947235107
1.483708381652832
0.027459874749183655
0.2750035524368286
0.318625807762146
0.6363095045089722
0.7874869108200073
-0.013730635866522789
0.05519132316112518
-0.008151397109031677
-0.00016023957869037986
0.07303660362958908
-0.003906928934156895
0.044442079961299896
0.0021094651892781258
0.06700438261032104
0.0031434400007128716
-0.020991459488868713
0.15546803176403046
0.09842132031917572
0.000625409884378314
0.1087527871131897
0.35978853702545166
-0.012384440749883652
0.09224653244018555
0.06747591495513916
0.03775789216160774
0.028412237763404846
0.3013068735599518
0.26630812883377075
1.0113089084625244
1.0075573921203613
0.004374767653644085
0.6437883377075195
0.2706984877586365
0.48293137550354004
0.7887744903564453
0.19842572510242462
0.03114515356719494
-0.04435909166932106
-0.014195043593645096
-0.045892711728811264
-0.03026467002928257
0.06553491204977036
-0.007579507306218147
-0.004764799494296312
-0.023457005620002747
-0.0011355767492204905
0.39352095127105713
0.1412242352962494
0.0030601099133491516
0.027295678853988647
0.20706979930400848
0.017476318404078484
-0.0021093711256980896
0.1874474585056305
0.026071883738040924
0.005222311243414879
0.5373978018760681
0.12769070267677307
0.6928331851959229
0.5607250332832336
0.00024001132987905294
-1.2544003463096465e-40
1.468490725689192e-40
1.4133636441026537e-40
-1.59717196366814e-40
0.16631603240966797
0.19174914062023163
-0.014125686138868332
0.011691927909851074
-0.03260011598467827
0.031873919069767
-0.037719883024692535
0.0216114092618227
0.03375321999192238
-0.007406784221529961
-0.023446476086974144
0.15164826810359955
-0.04779826104640961
0.02582273632287979
0.1386265903711319
0.17474672198295593
0.05794782191514969
0.004291864112019539
0.12635399401187897
-0.0027538794092833996
0.007460177876055241
0.3363465964794159
0.2703745365142822
0.9723765254020691
0.8765559196472168
-5.0451879360480234e-05
8.461460517132543e-41
4.0808613878067323e-41
-9.479223591771658e-41
-1.2767230308463408e-40
0.18774522840976715
0.05538339540362358
0.12208247929811478
0.01762515679001808
0.05670598894357681
-0.013920843601226807
-0.04396592825651169
0.01696445606648922
0.013316378928720951
-0.02717651054263115
0.020282777026295662
0.11972543597221375
-0.019985685124993324
0.014240160584449768
0.08179623633623123
0.1629289984703064
0.20501069724559784
0.07331088185310364
-0.11492716521024704
-0.0008813226595520973
-0.005376745946705341
0.6065791845321655
0.26236915588378906
0.45652297139167786
0.5707311630249023
-0.009988587349653244
0.5303317904472351
0.15163840353488922
1.3153800964355469
0.7941173315048218
0.08826553821563721
0.15308034420013428
-0.015221810899674892
-0.009681523777544498
-0.0037957709282636642
0.15483620762825012
-0.025633234530687332
0.05691542848944664
-0.028293728828430176
0.043335702270269394
-0.07846975326538086
0.18677186965942383
-0.004710420500487089
0.041911523789167404
0.020149122923612595
0.35221925377845764
0.039788153022527695
0.020793329924345016
0.0924973413348198
-0.011672726832330227
0.004066769499331713
0.4560270309448242
0.24253273010253906
1.2217596769332886
0.7361456751823425
0.0005911245825700462
-4.940417865823575e-41
4.835278442045284e-40
-1.094862516146266e-40
1.0588491456131183e-40
0.18199101090431213
0.016255777329206467
0.010442673228681087
0.06151885166764259
0.028875021263957024
0.036800481379032135
-0.022609150037169456
0.024056296795606613
0.03250453621149063
0.09004061669111252
0.03408414125442505
0.12579643726348877
-0.030993659049272537
0.032872963696718216
0.05419492721557617
0.32494592666625977
0.10439397394657135
0.0407627634704113
0.02950510010123253
-0.005318878218531609
0.01667112484574318
0.37709736824035645
0.20586001873016357
1.559016466140747
0.7791891098022461
-0.004250881262123585
0.2686593532562256
0.02873152680695057
0.4531879723072052
0.43104445934295654
0.14051473140716553
0.20115192234516144
0.008973336778581142
0.040252771228551865
-0.0071448227390646935
-0.028213344514369965
0.059834130108356476
0.16538996994495392
0.019055623561143875
0.018011238425970078
0.0052612847648561
0.1775962859392166
-0.019004110246896744
-0.022654075175523758
0.04477979987859726
0.2939470410346985
-0.0020928410813212395
-0.08543922007083893
0.16340596973896027
0.009877069853246212
0.017058413475751877
0.4475194215774536
0.287969708442688
1.2503678798675537
0.8209999799728394
-0.004263462033122778
0.27481329441070557
0.10930651426315308
0.4323590099811554
0.26755309104919434
0.19893038272857666
-0.029793404042720795
-0.06387357413768768
-0.016049273312091827
-0.03130391985177994
-0.002463200129568577
-0.048988424241542816
0.03985518589615822
-0.026531897485256195
-0.0128891970962286
0.07668007910251617
0.31931954622268677
0.0004971539601683617
-0.015665128827095032
-0.06402092427015305
0.157087504863739
0.00451602041721344
-0.03109179250895977
0.23053233325481415
-0.05103765055537224
-0.0034375283867120743
0.3606720566749573
0.10063913464546204
0.4585018754005432
0.3763226270675659
0.01580437831580639
0.16911618411540985
0.24360595643520355
0.7751634120941162
0.7907481789588928
