0.41112828254699707
0.027828430756926537
-0.00505253067240119
0.008668688125908375
-0.004099576734006405
-0.03133682534098625
-0.04103139042854309
0.004025489091873169
-0.041516564786434174
0.003720914712175727
0.04673701524734497
0.4662168025970459
-0.03537583723664284
-0.003134027123451233
0.16092483699321747
-0.08879765123128891
-0.04481419175863266
-0.03323192149400711
0.05827484652400017
0.04433572664856911
0.00011044135317206383
0.5739858746528625
0.6905617117881775
0.5079849362373352
0.5627958178520203
0.0002700422774069011
-4.744936730050263e-41
-1.5852889526906656e-41
-5.283735989583155e-41
-1.9661899012634373e-40
0.24205507338047028
-0.04497073218226433
0.16355358064174652
-0.02170913852751255
-0.021576516330242157
-0.004110170062631369
0.01389407366514206
-0.025991495698690414
-0.005759392865002155
-0.03889191895723343
0.016652103513479233
0.22673605382442474
-0.006099083460867405
-0.0052058943547308445
0.12761639058589935
0.13517507910728455
0.0377424955368042
0.2253325879573822
0.05066128447651863
-0.03964874893426895
0.02215302176773548
0.4859134256839752
0.6560503840446472
1.0438032150268555
1.0832546949386597
-6.484230107162148e-05
-3.322338529067709e-41
-1.0495024848560717e-40
-2.1144192528197165e-41
1.2257578056988472e-40
0.3155571520328522
0.04403964430093765
-0.024069596081972122
0.006469384767115116
-0.013998981565237045
-0.042274367064237595
-0.038225725293159485
-0.03723117709159851
0.055083274841308594
0.004552696831524372
0.03176070749759674
0.2579185664653778
-0.05315440893173218
-0.003971436060965061
0.12883999943733215
0.055418550968170166
0.07504456490278244
0.04377424716949463
-0.05633523687720299
0.26052242517471313
0.02660541608929634
0.45585358142852783
0.5711470246315002
1.184159517288208
0.7170426249504089
0.0010008056415244937
1.2579456314243883e-41
-2.1209773296327566e-40
1.8389239747334574e-40
2.012180516862578e-40
0.1939907670021057
0.18450936675071716
-0.0441417321562767
-0.037587717175483704
-0.05803421512246132
0.013836158439517021
0.006269702687859535
-0.06475543975830078
0.0049026282504200935
0.12262772768735886
-0.016559500247240067
0.10901172459125519
0.009055270813405514
0.017132127657532692
-0.040660638362169266
0.20627610385417938
0.02626154199242592
0.22266894578933716
-0.042966488748788834
0.19699785113334656
-0.0022182846441864967
0.5035436153411865
0.518509030342102
1.189033031463623
0.6875929236412048
0.0001684759627096355
-3.9672160823499896e-41
1.279721809559996e-40
2.8349248842216077e-40
2.260182319078784e-40
0.2939966022968292
0.0013076914474368095
-0.034301355481147766
-0.05958007648587227
0.025183923542499542
0.020406153053045273
0.12067648768424988
0.018473859876394272
0.05628214776515961
0.03560284152626991
-0.01441809069365263
0.23342454433441162
0.01189520675688982
-0.014994275756180286
0.1430085003376007
-0.04488431662321091
0.03294042497873306
0.0034764017909765244
0.004674436524510384
0.2836851179599762
0.014642158523201942
0.6012412309646606
0.5950117707252502
1.2000857591629028
0.7745565176010132
-0.001460887142457068
1.0727360133945772e-40
-1.6060561959319593e-40
-1.055331886467663e-40
5.805579537697717e-41
0.1431349366903305
0.016438258811831474
0.17645658552646637
-0.010037213563919067
0.03996005654335022
0.031095406040549278
-0.08131755143404007
-0.03752337396144867
-0.04602186009287834
-0.03356549143791199
0.06155838444828987
0.340189665555954
-0.008224589750170708
0.025109514594078064
0.05111658200621605
0.1206483468413353
0.08044058829545975
0.11380099505186081
0.04915909096598625
-0.05132903903722763
0.006340294610708952
0.27043434977531433
0.6701804399490356
1.1166342496871948
1.1078343391418457
0.0012865600874647498
-8.407790785948902e-41
-1.044149524722351e-40
-1.3284309441799266e-40
-2.5415350247459207e-41
0.3895062506198883
-0.012110716663300991
-0.003446882124990225
0.050962429493665695
-0.023565195500850677
-0.00442332960665226
-0.033675722777843475
-0.05093987286090851
0.019031068310141563
-0.03862263262271881
-0.05137629061937332
0.551018238067627
-0.039675019681453705
-0.006262840703129768
0.06188283860683441
0.004777177236974239
-0.05454469099640846
-0.002316986443474889
-0.016123510897159576
-0.007338202558457851
0.0007643995340913534
0.38978904485702515
0.6821265816688538
0.533602237701416
0.6107454299926758
-0.00028563919477164745
1.5261681704808015e-40
1.0596618987224267e-40
-5.990831194681458e-41
1.0638517811307579e-40
0.2868732810020447
0.010829150676727295
0.010598231106996536
-0.045928165316581726
0.003233222756534815
-0.02159842848777771
0.013319412246346474
0.015959106385707855
-0.021212024614214897
-0.040864527225494385
-0.0012824325822293758
0.28729483485221863
-0.09757370501756668
-0.009658475406467915
0.11512170732021332
0.15283498167991638
0.0065796030685305595
0.3482326567173004
0.08393824845552444
0.034751150757074356
0.022543272003531456
0.5994455814361572
0.6093382835388184
0.888238787651062
1.1668092012405396
0.0026915892958641052
0.37303754687309265
0.5516930818557739
0.43355196714401245
0.7707092761993408
0.2856266498565674
0.026961099356412888
0.06626356393098831
-0.0044216737151145935
-0.03036549687385559
0.04754769429564476
0.04145863652229309
0.05493060499429703
-0.004480357747524977
0.026009419932961464
0.045253556221723557
0.09795425832271576
0.01897842064499855
-0.007469102740287781
0.09387321770191193
0.307168185710907
-0.02003280073404312
-0.015448344871401787
0.017276864498853683
0.17193859815597534
0.00977768748998642
0.5124205946922302
0.6482453346252441
1.317764401435852
1.6911890506744385
-0.00016576048801653087
-2.7576292609294508e-40
-1.895130056137526e-40
-4.057305560621432e-40
-1.003890219842299e-41
0.13447855412960052
-0.01971893012523651
0.11880245804786682
0.02088800258934498
0.07935794442892075
-0.0046532489359378815
0.04418418928980827
0.06744341552257538
0.11110691726207733
0.010900791734457016
0.0420323871076107
0.07415296137332916
0.03490181267261505
0.019201278686523438
0.1050243228673935
0.15716105699539185
-0.004079864360392094
0.22913405299186707
0.019512424245476723
0.007987969554960728
0.0019819866865873337
0.5356544852256775
0.5874569416046143
1.660838007926941
1.5399153232574463
-0.019750483334064484
0.42526569962501526
0.4981990456581116
0.8596888780593872
0.8176557421684265
0.09819360077381134
0.1378382444381714
0.13060112297534943
-0.00681116059422493
0.010681492276489735
-0.0013072686269879341
-0.0025006718933582306
-0.021781666204333305
0.03220267966389656
0.022433040663599968
0.03485040366649628
0.09954675287008286
0.026194661855697632
0.04287295415997505
0.0402703657746315
-0.04411197081208229
0.029865236952900887
0.2804284393787384
0.09151885658502579
0.18468308448791504
0.06513452529907227
0.35651689767837524
0.49685513973236084
2.8406589031219482
1.867925763130188
0.03194252401590347
0.4622887372970581
0.5647857785224915
0.7072286605834961
0.8790463805198669
-0.037441059947013855
0.11984921991825104
0.1206289529800415
-0.012573452666401863
0.20437313616275787
-0.007989956066012383
-0.046577733010053635
0.0945620909333229
0.012782280333340168
-0.06101635843515396
0.05277019366621971
0.048749253153800964
0.005629196763038635
-0.006206083111464977
0.08176173269748688
0.20091071724891663
-0.019420355558395386
0.26520565152168274
0.02299095131456852
0.06536946445703506
-0.016700001433491707
0.5805058479309082
0.5237593650817871
1.7668274641036987
1.6816644668579102
0.018039878457784653
0.42744898796081543
0.4335942268371582
0.786434531211853
0.7860819697380066
0.4256073832511902
0.013995715416967869
0.04521941766142845
0.007144453935325146
0.06097903102636337
0.019337035715579987
0.008654993027448654
0.02073630690574646
-0.113374263048172
-0.004559248685836792
-0.04153433069586754
0.16551236808300018
-0.06228410080075264
0.0123469028621912
0.10685204714536667
0.25057002902030945
-0.02901890128850937
0.004835931118577719
0.05411983281373978
0.11324369162321091
0.00902576744556427
0.4409763216972351
0.5963857769966125
1.304142951965332
1.7021504640579224
0.011492460034787655
0.6941993832588196
0.39662981033325195
0.6370482444763184
0.7263866066932678
0.11637405306100845
0.11705635488033295
0.05354233831167221
0.0235770121216774
0.0008364487439393997
0.029641684144735336
0.04003770276904106
0.005330976098775864
0.0276865903288126
-0.0002214936539530754
0.03911276161670685
0.2874969244003296
-0.04691204056143761
0.0011561335995793343
0.09438316524028778
0.19846969842910767
-0.004423413425683975
0.18295003473758698
0.028439484536647797
0.08022746443748474
-0.026427583768963814
0.3888319432735443
0.5783701539039612
0.8613336682319641
1.2930108308792114
-0.03497523069381714
0.34201812744140625
0.38998520374298096
0.6113029718399048
0.5592373609542847
0.24492685496807098
0.010417019948363304
0.06717979162931442
-0.00943414494395256
-0.029808025807142258
0.08499915152788162
-0.00502474419772625
0.015435457229614258
0.0286919716745615
-0.021997367963194847
-0.02185322716832161
0.054087571799755096
0.06820330768823624
0.01494730357080698
0.11415068805217743
0.18427278101444244
0.018403049558401108
0.1301482617855072
0.050183724611997604
0.1230054423213005
-0.010813508182764053
0.5234318971633911
0.5947952270507812
0.7018681168556213
1.978963851928711
-0.0008547492325305939
-9.629723046840143e-41
3.749174041301048e-41
-6.300097765757945e-41
-5.894421860335911e-41
0.20774094760417938
0.04162422567605972
0.09239006787538528
-0.0322236530482769
-0.007683712523430586
0.015851864591240883
0.009912323206663132
0.04419621452689171
0.00211121141910553
0.0236927829682827
0.03515354543924332
0.051959358155727386
0.06568360328674316
-0.012012378312647343
0.099387027323246
0.1315789818763733
0.00847582146525383
0.11991934478282928
0.0560217946767807
0.16294775903224945
-0.025286126881837845
0.5259737968444824
0.504987359046936
1.0964820384979248
2.0263876914978027
0.0005213295225985348
-1.0965160483341694e-40
-3.1583445697877755e-40
-3.814334419892152e-42
-2.6246320236803824e-41
0.20626796782016754
0.137468159198761
0.04869111254811287
0.010092075914144516
-0.05490102618932724
0.039565131068229675
0.03037450648844242
-0.01121161226183176
-0.02760094776749611
0.017727404832839966
-0.0021228771656751633
0.006006836891174316
0.018764840438961983
-0.03428811579942703
0.07051923871040344
0.0643177479505539
0.041358161717653275
0.14684726297855377
0.06656259298324585
0.28018155694007874
-0.023752987384796143
0.743512749671936
0.5667181611061096
2.2401018142700195
2.9076216220855713
0.04797053337097168
0.47726333141326904
0.5813450813293457
0.6491016149520874
1.031459093093872
0.08389758318662643
0.07641196250915527
0.01778472401201725
-0.01623227447271347
-0.008026015013456345
0.038568295538425446
-0.015844184905290604
0.044970687478780746
-0.048478446900844574
0.005541165359318256
0.01414275262504816
0.03277743607759476
5.361437797546387e-05
-0.04528811201453209
0.07204817980527878
0.09192264825105667
0.030045654624700546
0.22984442114830017
0.10334096848964691
0.3254210948944092
0.03524748980998993
0.44735994935035706
0.45286762714385986
0.9756171703338623
1.213117003440857
0.05813024938106537
0.3834886848926544
0.5673881769180298
2.889401912689209
3.7581403255462646
0.2242521345615387
0.153141051530838
0.11884795129299164
0.024387754499912262
-0.02604178711771965
0.06585219502449036
0.0006018988788127899
-0.009385151788592339
-0.01727340929210186
0.056136369705200195
0.04507634788751602
-0.023086827248334885
-0.043994754552841187
0.011861751787364483
0.09124216437339783
0.05102303624153137
0.007640321739017963
0.2946769595146179
0.0008777966722846031
0.1380687952041626
-0.0038572270423173904
0.42834165692329407
0.4815549850463867
1.9375224113464355
2.8151607513427734
0.01694267988204956
0.38361677527427673
0.4360085725784302
0.7611117959022522
1.1370619535446167
0.2641666531562805
0.022276464849710464
0.006750309839844704
-0.06796668469905853
0.06394524872303009
0.03133954107761383
0.018252624198794365
-0.00452281441539526
0.051429420709609985
0.05074962601065636
0.039680205285549164
0.09673703461885452
0.016770774498581886
0.01259093638509512
0.04847352206707001
0.18901151418685913
-0.061695802956819534
0.17933045327663422
-0.01608099415898323
0.1421564370393753
0.016167569905519485
0.3320488929748535
0.5658511519432068
1.6029287576675415
2.6354265213012695
0.008498428389430046
0.4555288553237915
0.4690384268760681
0.5551818013191223
0.9663463234901428
0.24502456188201904
0.032823968678712845
0.05708828940987587
-0.0032129534520208836
0.007998494431376457
0.001459670253098011
-0.017267566174268723
-0.02975991554558277
0.044951967895030975
-0.015190198086202145
0.07429485768079758
0.0952945351600647
0.04009893909096718
0.012828897684812546
0.14619377255439758
0.0013884573709219694
0.015944242477416992
0.20375984907150269
0.06089521944522858
0.16311535239219666
-0.00694122351706028
0.33935800194740295
0.5603494048118591
0.9920729398727417
2.26304292678833
0.0005480056279338896
-3.2201838710184296e-42
-3.1976930306660163e-40
5.990550934988593e-42
-1.7151612943642896e-40
0.19530723989009857
-0.002846620511263609
0.015939166769385338
0.0170566588640213
-0.005234193988144398
0.033709295094013214
-0.020850107073783875
-0.0422804020345211
-0.024976607412099838
0.034785740077495575
0.1540224254131317
-0.08580046147108078
0.054415181279182434
-0.022356292232871056
0.1868402063846588
0.1431673914194107
0.04218899831175804
0.17706236243247986
0.048433803021907806
0.13553231954574585
0.08883681148290634
0.6769117712974548
0.3675398826599121
1.2348393201828003
3.596839189529419
0.023373857140541077
0.3385179042816162
0.4579930901527405
0.4442850649356842
1.334574580192566
0.25835052132606506
0.030958212912082672
0.024327881634235382
-0.011463388800621033
-0.002156582660973072
-0.04069366678595543
-0.019318917766213417
0.019975628703832626
0.008247076533734798
0.09902146458625793
0.13889387249946594
-0.07160207629203796
0.0023302482441067696
-0.018060505390167236
0.169088676571846
0.08747326582670212
0.03904920816421509
0.17301270365715027
-0.02474934607744217
0.13188159465789795
0.10587680339813232
0.5594820976257324
0.5540547370910645
1.5741231441497803
3.972581148147583
0.04295619577169418
0.5024772882461548
0.48582929372787476
0.6665563583374023
1.4200464487075806
0.20092685520648956
0.04893052577972412
0.03555560111999512
-0.014364361763000488
-0.03640899062156677
-0.022699756547808647
-0.016320597380399704
0.04069443792104721
-0.02701537311077118
0.03545866906642914
0.11282916367053986
-0.0152257876470685
0.03518666326999664
-0.014071669429540634
0.18738378584384918
0.013510704040527344
0.03260129317641258
0.24775850772857666
-0.0887184888124466
0.20004673302173615
0.047985196113586426
0.5484657883644104
0.48438790440559387
0.9272554516792297
1.4444152116775513
0.15251891314983368
0.7355738878250122
0.5568620562553406
3.030641794204712
4.932575225830078
0.047598764300346375
-0.0026899389922618866
-0.033507462590932846
0.022869084030389786
-0.011762592010200024
0.0026161831337958574
0.015164069831371307
0.05058912932872772
-0.03743554651737213
0.05211164802312851
-0.006131739355623722
0.012687996961176395
-0.018678946420550346
0.0018371064215898514
0.12573136389255524
0.2028326839208603
-0.006680435035377741
0.10540405660867691
0.010417792946100235
0.4470813274383545
0.6990972757339478
0.5804383754730225
0.42564135789871216
4.802928447723389
6.275416851043701
0.4207513928413391
0.4110685884952545
0.46625834703445435
1.622489333152771
2.368037700653076
0.1824500560760498
0.016970379278063774
-0.026453649625182152
-0.007602550555020571
0.055698782205581665
-0.0025736847892403603
-0.01988251507282257
0.021289274096488953
-0.06234877556562424
0.054933562874794006
0.062519371509552
-0.0006071305833756924
0.005774282850325108
0.0043180957436561584
0.28119155764579773
-0.021920794621109962
-0.007841167040169239
0.3028499484062195
-0.03675798326730728
0.11371481418609619
-0.010911989957094193
0.37425696849823
0.4834216833114624
3.0346474647521973
5.092626094818115
0.002737698145210743
0.5092002749443054
0.5581175684928894
0.7684662938117981
1.3067376613616943
0.2118866890668869
-0.013979579322040081
0.01505681686103344
0.006503896787762642
-0.01729804277420044
-0.003704030066728592
-0.0027627432718873024
0.029576964676380157
-0.008622020483016968
0.08382309228181839
0.10906778275966644
-0.05038704350590706
0.044146884232759476
-0.04812496155500412
0.24684055149555206
0.03829241544008255
0.006928062066435814
0.06199588254094124
0.0068598538637161255
0.2599056661128998
-0.044131308794021606
0.46305614709854126
0.41524893045425415
1.6111081838607788
3.4796955585479736
-0.03817862272262573
0.4701886475086212
0.3941812515258789
0.5101536512374878
1.1502324342727661
0.1682000756263733
-0.013400288298726082
0.030716482549905777
-0.03948993980884552
-0.01580246537923813
0.0013528401032090187
0.02713039144873619
-0.023952854797244072
-0.07771885395050049
0.03883644938468933
0.0823889821767807
0.004395398311316967
0.06118367612361908
-0.020565731450915337
0.26473644375801086
0.32002192735671997
0.005871834699064493
-0.00922339502722025
0.019673286005854607
0.15816321969032288
-0.027417223900556564
0.28588080406188965
0.42068609595298767
0.9840134978294373
2.4974567890167236
-0.009493697434663773
0.5116850733757019
0.33143413066864014
0.3990158140659332
1.261438012123108
0.28483888506889343
0.031416814774274826
-0.0021713916212320328
-0.02038240060210228
0.009781806729733944
-0.05586495250463486
0.008185755461454391
0.04069209098815918
0.03336472809314728
0.04504559934139252
0.023844482377171516
-0.12641195952892303
-0.021801061928272247
-0.0012435968965291977
0.12715154886245728
0.2006024569272995
0.07639533281326294
0.20324228703975677
0.013296881690621376
0.18041451275348663
-0.0974191352725029
0.7378687262535095
0.5756526589393616
0.9982033967971802
2.4355239868164062
-0.05346931889653206
0.3435860872268677
0.5393964648246765
0.4329245090484619
0.9563719034194946
0.1299513280391693
0.047451335936784744
0.04446394369006157
0.005675752647221088
-0.09131675213575363
-0.055148735642433167
-0.020356612280011177
0.0016185790300369263
0.04278923198580742
0.09074736386537552
0.03167584165930748
-0.027722559869289398
0.06804022192955017
0.06782300770282745
0.051175057888031006
0.24082958698272705
0.0033271252177655697
0.30814075469970703
-0.004220645874738693
0.162820503115654
0.060996100306510925
0.3655898869037628
0.48208171129226685
1.619185447692871
2.71887469291687
0.03294689953327179
0.3503643572330475
0.466690331697464
0.7167038321495056
1.0466437339782715
0.2624697685241699
0.013262234628200531
0.10065789520740509
0.025259176269173622
0.00506310211494565
-0.08007108420133591
-0.015267407521605492
0.047011882066726685
-0.030639057978987694
0.024938184767961502
0.007437976077198982
-0.015035033226013184
0.021254176273941994
-0.015157925896346569
0.07545481622219086
0.22452963888645172
-0.0012035928666591644
0.12134752422571182
0.031479671597480774
0.1809699386358261
0.06749668717384338
0.5137467384338379
0.40313082933425903
1.7505772113800049
2.4235012531280518
0.00032358209136873484
-1.783558672407984e-40
1.1787162162514631e-40
1.1163444216043655e-40
-1.914117650329127e-40
0.1437595784664154
0.02092595398426056
0.06621601432561874
0.006267601624131203
-0.01662958599627018
-0.0441109724342823
-0.044211599975824356
-0.0030833068303763866
0.03871995210647583
0.08733256161212921
0.022401170805096626
-0.04432959854602814
-0.004173101857304573
-0.03613581880927086
0.1367904394865036
0.07551701366901398
0.022303104400634766
0.13577230274677277
0.18265187740325928
0.21379174292087555
-0.24890738725662231
0.4808388352394104
0.3480224609375
3.2848219871520996
3.076739549636841
-0.12925313413143158
0.5208110213279724
0.5143330693244934
0.9615945219993591
1.1793665885925293
0.11207910627126694
0.0022031236439943314
0.15544989705085754
-0.0019726287573575974
0.017108777537941933
-0.08376052975654602
0.01287064328789711
0.025785360485315323
-0.05708927661180496
0.03054380975663662
0.01526406779885292
0.055446021258831024
0.0908777192234993
0.009890476241707802
0.185506209731102
0.19823604822158813
-0.026436857879161835
0.06531724333763123
0.07542245090007782
0.13612273335456848
0.05505124852061272
0.46316584944725037
0.5306830406188965
1.675269603729248
2.368948221206665
0.0002258738677483052
2.5323144808506634e-40
1.325572295312704e-40
8.855225385607817e-41
1.1583553495648235e-40
-0.03513558954000473
0.0727686807513237
0.05478420853614807
0.03161189332604408
0.06253455579280853
-0.08937261253595352
0.0263860821723938
-0.010593196377158165
0.04886428266763687
0.058417946100234985
0.005719789303839207
0.08469866961240768
-0.018629029393196106
0.04539987072348595
0.2022440880537033
0.0839495062828064
0.05342286080121994
0.27405521273612976
0.027752358466386795
0.06453181058168411
-0.017715472728013992
0.4256126880645752
0.5707153081893921
1.3677797317504883
2.569878578186035
0.010726958513259888
0.47770047187805176
0.6333755254745483
0.6547518372535706
1.1396796703338623
0.1976374238729477
0.03327532857656479
0.028520062565803528
-0.035379331558942795
0.029972197487950325
-0.04132762923836708
0.006698390003293753
0.04684425890445709
-0.00939570739865303
0.024725090712308884
0.017299283295869827
0.07436655461788177
0.0033154571428894997
0.020428134128451347
0.2499973028898239
0.09856753051280975
0.00628522876650095
0.1757695972919464
0.08313316851854324
0.1384442299604416
-0.034487027674913406
0.23914417624473572
0.5538477301597595
1.027764916419983
2.000248908996582
-0.0007199991960078478
0.6763123869895935
0.4711821675300598
0.26080623269081116
1.0621616840362549
0.17139418423175812
-0.01471246313303709
-0.004705577157437801
-0.04851409047842026
0.022085124626755714
-0.041528213769197464
-0.05271385610103607
0.01853048801422119
-0.05390455573797226
0.1208440363407135
0.00914115272462368
-0.07652918249368668
-0.014887324534356594
0.054722998291254044
0.25679904222488403
0.20265008509159088
0.054607540369033813
0.11464884132146835
0.20950430631637573
0.07504789531230927
-0.04963406175374985
0.7057249546051025
0.37607911229133606
0.9565458297729492
1.2412233352661133
-0.0047714971005916595
0.2823251485824585
0.31427547335624695
0.5645630359649658
1.488300085067749
0.3738941252231598
-0.055747438222169876
0.05247482657432556
-0.019841331988573074
0.0553089901804924
0.004956899210810661
0.00018672458827495575
0.027764061465859413
0.04863644391298294
0.030476722866296768
0.05240814387798309
0.031912341713905334
-0.023990510031580925
-0.0016155644552782178
0.24101899564266205
0.18738219141960144
-0.026028726249933243
0.08920779079198837
0.04294322431087494
-0.04416288435459137
-0.09669546782970428
0.5278658866882324
0.37984272837638855
1.1404178142547607
1.5239282846450806
0.0017734421417117119
0.26754167675971985
0.3823026716709137
0.5854936242103577
0.7789303064346313
0.15841582417488098
-0.001622794196009636
0.15020836889743805
-0.029726142063736916
0.016142845153808594
0.015107537619769573
-0.06367337703704834
0.01262685377150774
-0.014168252237141132
0.06476026773452759
0.038831859827041626
-0.03167250007390976
0.030673831701278687
-0.018506526947021484
0.1698511689901352
0.3423270583152771
-0.09869128465652466
0.19206936657428741
0.08418554812669754
0.0319252535700798
-0.01251362543553114
0.54767906665802
0.4081241488456726
1.3388065099716187
1.2996675968170166
-0.0019140723161399364
-7.843347764518866e-41
-2.0393376811011928e-40
3.581971108537811e-40
-2.6980880891802893e-40
0.03690994158387184
0.05136924982070923
0.05625883862376213
-0.029953643679618835
-0.03405381739139557
0.022514762356877327
-0.01058926060795784
0.004932177718728781
0.11970449239015579
0.0797814354300499
0.029787179082632065
-0.11333267390727997
0.03882265463471413
-0.01375917810946703
0.11012627929449081
0.10172899067401886
0.15213581919670105
0.20989298820495605
0.08496665209531784
0.2020971029996872
0.12366876751184464
0.5634061694145203
0.3143797814846039
2.390371561050415
1.6956990957260132
-0.0005332140135578811
6.144833895910755e-41
2.002301362689088e-40
1.59005336746937e-40
2.27177105737875e-40
0.26640674471855164
0.0003154540900141001
0.12887711822986603
0.003319311887025833
0.027649907395243645
0.037122972309589386
-0.039548859000205994
0.023928334936499596
-0.11046519130468369
-0.03450261056423187
0.03272401541471481
0.05431944131851196
0.03590237721800804
0.01824694685637951
0.11548206210136414
0.231391042470932
-0.011818169616162777
0.18194247782230377
0.18701478838920593
0.023647276684641838
-0.07627607882022858
0.4324414134025574
0.28506559133529663
1.4070148468017578
1.5641666650772095
-0.001361232833005488
-9.214238052167835e-41
-1.2963412093468883e-41
-9.547326697137844e-41
1.539186233214379e-40
0.3678162693977356
-0.013178561814129353
0.07798546552658081
0.009494409896433353
-0.08437764644622803
-0.01920371688902378
-0.006998201832175255
0.0018340041860938072
0.058266978710889816
0.02635815739631653
0.018005207180976868
0.04679792746901512
0.0024969996884465218
-0.007281149737536907
0.16771970689296722
0.23240548372268677
-0.022142570465803146
0.09522657096385956
0.13873779773712158
0.04876461625099182
0.04739946871995926
0.6867650151252747
0.38687077164649963
1.2266886234283447
1.6426738500595093
0.0036958642303943634
0.6037496328353882
0.42828255891799927
0.4811561703681946
0.8870371580123901
0.2434287667274475
-0.011125345714390278
-0.010805299505591393
-0.036525480449199677
-0.014063920825719833
0.0023934170603752136
-0.03184478357434273
0.024017252027988434
0.03594445064663887
0.05677507817745209
0.018087077885866165
-0.07027989625930786
0.05249243974685669
0.041924115270376205
0.2540523409843445
0.2503165006637573
-0.02141006663441658
0.20614585280418396
0.0669889748096466
0.04025159031152725
0.13131295144557953
0.19660885632038116
0.3540826141834259
1.1289948225021362
1.3639953136444092
0.006081339903175831
0.6281481385231018
0.28834667801856995
0.5139123797416687
1.340075969696045
0.3417600393295288
-0.06483863294124603
-0.06463362276554108
-0.05652175471186638
-0.028155116364359856
0.008868712931871414
0.10655346512794495
-0.0282879788428545
-0.02998422645032406
0.003786827437579632
-0.028070542961359024
0.4177616238594055
0.06879564374685287
0.04972738400101662
0.07552812248468399
0.1959518939256668
0.07654907554388046
0.03891132399439812
0.028905708342790604
0.003177032805979252
-0.003946198616176844
0.7124781012535095
0.07608381658792496
0.6425974369049072
0.6514149308204651
-0.000861669541336596
-1.8021118640756445e-40
2.3936419848210795e-40
-3.0779520768894607e-41
-4.585749224502964e-41
0.4343702495098114
0.08742285519838333
-0.00047898804768919945
0.032704345881938934
-0.07643376290798187
0.06973624974489212
-0.034784264862537384
-0.0768672302365303
-0.010147765278816223
-0.019944412633776665
0.06990864127874374
0.052646685391664505
-0.05838300287723541
0.06828410923480988
0.35617130994796753
0.002363186329603195
0.06690678745508194
-0.0026562344282865524
0.1537780910730362
0.0397464819252491
-0.015081639401614666
0.5143684148788452
0.2739120423793793
1.0536121129989624
1.055985927581787
0.0008672504336573184
-8.362668975397643e-41
6.223867129298675e-41
-2.567234838581638e-40
2.6505560452703915e-41
0.4644075036048889
-0.0328337661921978
0.007204876746982336
0.010479769669473171
0.14191068708896637
0.022544417530298233
0.0033805263228714466
-0.10086505860090256
-0.04658462479710579
0.23601692914962769
0.05920334905385971
0.05518737807869911
-0.09407690912485123
-0.040512651205062866
-0.07271484285593033
0.15712255239486694
0.18284031748771667
0.06779014319181442
-0.030056670308113098
0.060194216668605804
-0.010038585402071476
0.6633278131484985
0.15519499778747559
0.4617100656032562
0.8732527494430542
-0.01942506805062294
0.5266979336738586
0.2280586212873459
1.5406856536865234
1.0725902318954468
0.107393279671669
0.14635780453681946
-0.022731509059667587
-0.030794095247983932
0.04055172950029373
0.03230338543653488
0.00926644541323185
-0.012940093874931335
0.1785113513469696
0.027110418304800987
0.184010311961174
-0.00927979126572609
0.012606428936123848
-0.016306627541780472
0.018862340599298477
0.2171669453382492
0.19992218911647797
-0.015940316021442413
0.12225320935249329
0.0425596721470356
-0.015131384134292603
0.38410812616348267
0.24422745406627655
2.213865041732788
1.1560159921646118
0.0015465851174667478
-2.821794717610884e-41
2.6678480683201597e-40
-4.090950736749871e-41
4.3389805649353636e-41
0.3688277006149292
0.0024891458451747894
0.012810003943741322
0.04928451031446457
0.09751889854669571
0.03965643420815468
0.023269664496183395
-0.00764175970107317
0.026346880942583084
0.03905414789915085
-0.05696224793791771
-0.0009612124413251877
0.04893176257610321
0.1200704574584961
0.3135719895362854
0.030107077211141586
0.14734993875026703
0.05897131562232971
0.05518218129873276
-0.02845075912773609
-0.03253467008471489
0.3269352912902832
0.199930801987648
1.4371410608291626
0.9855892062187195
-0.005508952774107456
0.33081161975860596
0.2428959608078003
0.7097936868667603
1.0784640312194824
0.3291435241699219
0.168812096118927
0.019841723144054413
0.02045939862728119
0.0576566644012928
0.013769262470304966
-0.026754792779684067
-0.006437409203499556
0.027452025562524796
0.010381750762462616
0.07112442702054977
-0.07646602392196655
0.005332161672413349
-7.918570190668106e-05
0.5489403009414673
0.07502727210521698
-0.011014378629624844
0.09211885929107666
0.06829849630594254
0.07342922687530518
0.009641190990805626
0.4860672950744629
0.32414519786834717
0.7549028992652893
1.0101431608200073
0.0030087637715041637
0.30003151297569275
0.1663651466369629
0.49879589676856995
0.3481171727180481
0.3620151877403259
0.0668935626745224
-0.04148603603243828
-0.01441276166588068
-0.04046988487243652
-0.005993402563035488
-0.06922886520624161
0.07982541620731354
-0.00016941223293542862
0.03634338080883026
0.04949837923049927
0.2825244665145874
-0.006105356849730015
-0.0045339143835008144
-0.04076967015862465
0.18645158410072327
-0.06401991099119186
-0.022867312654852867
0.23963744938373566
-0.0010187672451138496
-0.0012281769886612892
0.41029295325279236
0.11122480779886246
0.5976232290267944
0.4854479432106018
0.002263301284983754
0.2639981806278229
0.22313405573368073
0.651597261428833
0.8242033123970032
