0.1292099952697754
0.05114452540874481
0.02428252063691616
0.024273138493299484
0.022242357954382896
-0.08291321992874146
-0.015964601188898087
0.02462136186659336
-0.061399973928928375
0.016262689605355263
0.050712957978248596
0.5254339575767517
-0.024711783975362778
0.038175635039806366
0.2128630429506302
-0.07635801285505295
-0.03238216042518616
-0.021425243467092514
0.04380405694246292
-0.02434459887444973
-0.003677868749946356
0.6224319934844971
0.6358835697174072
0.6468856930732727
0.36851856112480164
-0.00021725082478951663
-6.550790061025655e-41
-2.9409050870784936e-41
2.9566136428635748e-40
2.4423230934717237e-41
0.22213511168956757
0.04511198401451111
0.21860189735889435
-0.04717686027288437
-0.028048664331436157
-0.016038551926612854
-0.008951174095273018
0.032565049827098846
-0.06066136807203293
0.01824193447828293
0.0034128427505493164
0.3484261929988861
0.012311684899032116
-0.015470530837774277
0.05829891562461853
0.061089228838682175
-0.02773803472518921
0.011494833044707775
0.014303277246654034
-0.05060115084052086
0.03810042142868042
0.4113406836986542
0.5768606066703796
0.9806065559387207
0.8742181062698364
0.00013078820484224707
2.310040518439461e-41
-6.634167319652981e-41
1.881075032540348e-40
2.371137131484023e-41
0.14353697001934052
0.01922099106013775
0.05165973678231239
-0.010435511358082294
0.052998945116996765
-0.06368031352758408
0.0690891444683075
0.006824321113526821
-0.03355518728494644
0.06526252627372742
0.04657064750790596
0.1787373572587967
0.013724214397370815
0.03732340410351753
0.08301489800214767
0.061457403004169464
0.007822212763130665
-0.022218331694602966
-0.07016269117593765
0.28541404008865356
0.013099506497383118
0.3963764011859894
0.47425931692123413
1.1737805604934692
0.7524003386497498
0.0010992279276251793
6.68321276590435e-41
-8.36589196186559e-41
-8.072179803743109e-41
2.8258164442034964e-40
0.03880515322089195
0.3499121367931366
-0.007222802843898535
-0.02246086113154888
-0.04434466361999512
-0.027857322245836258
0.007057536393404007
-0.025563612580299377
-0.004527284763753414
0.048868000507354736
0.00803675688803196
0.11477159708738327
-0.028685707598924637
-0.041172999888658524
0.01404574140906334
0.1677064448595047
0.01649448648095131
-0.042042508721351624
-0.012294161133468151
0.1599387675523758
-0.027166709303855896
0.4896523058414459
0.47905468940734863
1.393257975578308
0.4616420567035675
-0.0001482151565141976
1.5454360243652678e-40
6.642995499978228e-41
1.7354801220969994e-40
4.191620018426966e-40
0.12095724046230316
-0.04451833292841911
0.005701952613890171
-0.0030975984409451485
0.03581864759325981
-0.003361277747899294
0.09998353570699692
0.05988198146224022
0.02227780967950821
0.07715045660734177
-0.025858115404844284
0.1491532176733017
0.02744857221841812
-0.03078307956457138
0.01512138545513153
0.05075191706418991
0.0004304384347051382
0.10192593932151794
-0.009958486072719097
0.40213653445243835
-0.00773990573361516
0.40916603803634644
0.5515859127044678
1.171631932258606
0.7103896141052246
-0.0004987726570107043
-1.6920678956722166e-41
-4.3658854954504e-40
-1.118068018715485e-40
8.738917613068857e-41
0.3227138817310333
0.0040945387445390224
0.13455992937088013
-0.01929403841495514
-0.0347636379301548
0.0028242517728358507
0.0012766895815730095
0.05081244185566902
-0.03672625869512558
0.007718724198639393
0.08296018093824387
0.1799328327178955
-0.05646476522088051
0.02207319438457489
0.05959377810359001
0.07732102274894714
0.056577764451503754
-0.02065747231245041
0.04353012144565582
0.002882369328290224
-0.0034774397499859333
0.3341064751148224
0.6338322162628174
0.9233411550521851
0.7785863876342773
0.0010456448653712869
2.559051255549981e-41
-1.5425913884826884e-40
6.977485443412562e-41
1.7031241405557394e-40
0.19961309432983398
0.02258354425430298
0.009563250467181206
0.05333113670349121
0.02806844562292099
-0.02093326672911644
-2.3443251848220825e-05
-0.017629869282245636
0.04672568663954735
0.01753334328532219
-0.03412623330950737
0.5680056214332581
-0.07019439339637756
-0.01985796168446541
0.07016126811504364
0.005860999226570129
-0.015597102232277393
-0.027502812445163727
-0.008694864809513092
-0.01453419215977192
-0.009282367303967476
0.21808478236198425
0.5426563620567322
0.6361905336380005
0.39588093757629395
-0.0004920938517898321
-8.874423174569067e-42
-1.0061322973852187e-40
-2.0434995375402375e-40
-3.2961342477848347e-41
0.029371168464422226
0.09515675157308578
0.007673733867704868
0.021228021010756493
-0.013186726719141006
-0.014620068483054638
0.037218861281871796
0.09655255824327469
-0.009616931900382042
-0.0015318859368562698
0.06279262155294418
0.165485680103302
-0.07264446467161179
-0.018564540892839432
0.2878657281398773
0.013080216012895107
-0.012392557226121426
0.34873515367507935
0.02793312817811966
0.010836150497198105
-0.007991897873580456
0.6033850312232971
0.5600182414054871
0.9974927306175232
1.1232953071594238
-0.010073932819068432
0.3610493838787079
0.5106333494186401
0.4484926462173462
0.7192444801330566
0.37311288714408875
0.08793660998344421
0.10493052750825882
0.0091366246342659
-0.03549157455563545
0.026590025052428246
0.007810083217918873
0.10609205812215805
-0.065754733979702
-0.007119826506823301
0.01195127610117197
0.01454065926373005
0.017710724845528603
-0.024046599864959717
0.1635008305311203
0.19138364493846893
-0.012447536922991276
0.14398251473903656
0.0686955377459526
0.039530813694000244
-0.030594468116760254
0.4556523263454437
0.4923085868358612
1.3974556922912598
1.4096601009368896
0.0004832344420719892
-2.7614127667831278e-40
-1.6769899241960816e-40
-5.459542894917347e-40
-1.3509918494555561e-41
0.11161364614963531
0.0967659056186676
0.10268735140562057
-0.009329015389084816
0.09237128496170044
-0.009301774203777313
-0.0011979397386312485
0.09228359907865524
0.06606626510620117
-0.06264998018741608
0.0009390441700816154
0.11638661473989487
0.030281884595751762
0.010076994076371193
0.13176733255386353
0.11038848757743835
0.05748298391699791
0.11044483631849289
0.051257017999887466
-0.007013979367911816
-0.07376231253147125
0.4540058970451355
0.629622757434845
1.9170498847961426
1.5252230167388916
-0.04756142571568489
0.33903446793556213
0.46114784479141235
0.823829174041748
0.7227963209152222
0.006677741184830666
0.30072128772735596
0.1253538578748703
-0.01715129427611828
0.044576771557331085
0.00664957519620657
-0.01843303255736828
0.0049042836762964725
0.027950730174779892
0.0045317839831113815
0.020819196477532387
0.008180232718586922
0.11811947077512741
0.023069584742188454
0.12351306527853012
0.12247467041015625
0.014716198667883873
0.1347455382347107
0.023704074323177338
-0.03983304277062416
0.01355340052396059
0.4298158288002014
0.6586069464683533
3.5174787044525146
1.8971163034439087
-0.03628048300743103
0.43989065289497375
0.5070652365684509
0.647097110748291
0.8762775659561157
-0.035077668726444244
0.1618163138628006
0.12025539577007294
-0.028259310871362686
0.10720254480838776
-0.01946403458714485
0.09743749350309372
0.10966475307941437
0.03638231381773949
-0.04011106118559837
0.008389645256102085
0.14946582913398743
-0.018650073558092117
-0.005726540461182594
0.2240162193775177
0.028630146756768227
0.035218071192502975
0.15821926295757294
0.02830400876700878
0.01595340482890606
-0.0672459751367569
0.5483158230781555
0.513849675655365
1.9604617357254028
1.4179993867874146
-0.03146412968635559
0.3943338692188263
0.4045608341693878
0.8885625004768372
0.6289798617362976
0.45571842789649963
0.1589466631412506
0.10701824724674225
-0.03782207518815994
-0.011964742094278336
0.047860074788331985
0.01474815048277378
0.12665998935699463
-0.05748232454061508
0.036055270582437515
0.026296809315681458
-0.1105838418006897
-0.01973550394177437
-0.014457149431109428
0.05433566868305206
0.20877954363822937
-0.008000935427844524
0.024123480543494225
0.02938912995159626
0.009854836389422417
-0.013717429712414742
0.4314946234226227
0.6490735411643982
1.3898588418960571
1.6415737867355347
-0.030132757499814034
0.5567168593406677
0.37734535336494446
0.7250895500183105
0.6751377582550049
0.2642892897129059
0.13390694558620453
0.004539448767900467
-0.07072703540325165
-0.06760073453187943
-0.007905278354883194
0.06872931122779846
0.05435306578874588
0.03299010172486305
-0.0282016322016716
0.05628659576177597
0.2074955254793167
-0.07456383109092712
0.022912679240107536
0.14058880507946014
0.07420216500759125
-0.006531916558742523
0.255521684885025
0.027046583592891693
0.03918135538697243
-0.038345277309417725
0.3073989450931549
0.6216529011726379
0.8366124033927917
1.1697529554367065
-0.03134854510426521
0.31891679763793945
0.3574066162109375
0.6825456619262695
0.4947775900363922
0.02467140555381775
0.09571734815835953
0.055541299283504486
0.011096308007836342
-0.01163946371525526
-0.01178724318742752
0.05390557646751404
0.07522383332252502
0.05077585577964783
0.03277163952589035
0.03931542485952377
0.12342409789562225
0.063519686460495
0.00584006030112505
0.12174917757511139
0.08293205499649048
0.015396671369671822
0.14131350815296173
0.025507774204015732
0.1146894171833992
0.02398965135216713
0.6324722766876221
0.4252183139324188
0.92147296667099
1.6732017993927002
0.000670904410071671
-8.124868626001722e-41
2.6019309885583203e-41
-2.351252706275254e-40
-6.664295236635965e-41
0.08171532303094864
0.15476644039154053
0.0759962871670723
-0.0655164122581482
-0.0066866702400147915
0.01735028438270092
0.03946567326784134
0.15606512129306793
0.09276050329208374
0.047167204320430756
0.03339988738298416
0.0338861420750618
0.09299839287996292
-0.0005565229803323746
-0.10258877277374268
0.11296581476926804
0.002452574670314789
0.14339177310466766
-0.00026216544210910797
0.15545706450939178
0.06457702070474625
0.33381015062332153
0.44098415970802307
1.7391234636306763
1.9263321161270142
-0.0018759972881525755
-3.725351967407526e-41
-5.846217193163137e-42
3.7423076788258565e-41
3.6925615833423255e-41
0.23163072764873505
0.12698805332183838
0.0640905350446701
-0.009726675227284431
0.048334021121263504
0.0019884733483195305
0.052317675203084946
0.08522693812847137
-0.03514615818858147
0.0483015812933445
-0.017029572278261185
0.022290801629424095
0.07431647181510925
-0.033685699105262756
0.10183064639568329
-0.03364017605781555
0.019901473075151443
0.05931559577584267
-0.031259145587682724
0.24417470395565033
-0.03772605210542679
0.7056629657745361
0.5037382245063782
2.676225185394287
2.702035665512085
-0.018993934616446495
0.5835596919059753
0.43134960532188416
0.7332721948623657
0.7446843385696411
0.3068053424358368
0.12285676598548889
-0.035791441798210144
-0.041845884174108505
-0.14757901430130005
0.0019313311204314232
0.05527344346046448
0.09237457066774368
0.021454565227031708
0.0380617193877697
0.043363116681575775
0.048336200416088104
0.03584888577461243
-0.08596298098564148
0.014099477790296078
0.019145086407661438
0.013960057869553566
-0.01605457440018654
0.251638799905777
0.27830153703689575
0.10376161336898804
0.44499507546424866
0.3463442027568817
1.0473287105560303
0.9919090270996094
0.23511332273483276
0.6033623814582825
0.6417391896247864
4.678657054901123
4.03241491317749
0.21056151390075684
0.16686567664146423
0.13027548789978027
-0.04842555150389671
0.04533951357007027
-0.022846367210149765
0.0567266121506691
0.14873173832893372
0.013596641831099987
-0.0018310239538550377
-0.05434924364089966
-0.04923734441399574
0.02517496794462204
0.026029638946056366
0.08116963505744934
-0.0007857114542275667
-0.02414313703775406
0.08589576929807663
0.036120135337114334
0.2202712744474411
-0.00247977115213871
0.24958355724811554
0.49457985162734985
2.9647490978240967
2.995828151702881
0.04513384401798248
0.33841562271118164
0.3394378423690796
0.6957521438598633
0.9385035037994385
0.20072288811206818
0.1750907152891159
0.041011810302734375
-0.00034608040004968643
-0.0013303598389029503
0.010354805737733841
0.047131091356277466
0.08825186640024185
0.032036006450653076
0.08440443873405457
0.056286610662937164
0.09260543435811996
-0.008138476870954037
0.006988720037043095
0.07866758853197098
0.18986636400222778
0.014591782353818417
-0.03194994851946831
-0.02857738547027111
0.03669631481170654
0.014704354107379913
0.4003579020500183
0.46957993507385254
1.8735119104385376
2.658991813659668
0.0022126277908682823
0.5445471405982971
0.3527694642543793
0.5630364418029785
0.7121954560279846
-0.08303479850292206
0.1284950077533722
0.04045938327908516
0.045790646225214005
-0.015836434438824654
-0.009234887547791004
-0.0009753657504916191
0.0646577924489975
0.04120379686355591
0.026218067854642868
0.08333093672990799
0.08238032460212708
-0.03283337131142616
0.005641746334731579
0.09334807842969894
0.13307957351207733
0.00926167517900467
0.24437086284160614
0.008134067989885807
0.10906867682933807
0.019649824127554893
0.2789321839809418
0.2899923622608185
1.0079973936080933
1.8563765287399292
0.0014344258233904839
9.203307924146101e-41
-5.34104909677404e-41
1.0366806039074997e-40
-1.087407608316058e-41
0.11326618492603302
0.12944351136684418
0.05210815370082855
0.041012249886989594
-0.024326585233211517
0.004201564006507397
0.006416852120310068
0.13934744894504547
-0.02419435977935791
0.02296251431107521
0.05951318144798279
-0.005300578661262989
0.015637535601854324
0.02459716796875
0.03813556954264641
0.09075567126274109
-0.0007220362313091755
0.07347062230110168
0.09031937271356583
0.21512870490550995
0.005437987390905619
0.6649189591407776
0.29071420431137085
1.1248459815979004
1.9573734998703003
0.019744601100683212
0.3275252878665924
0.3512190282344818
0.46581679582595825
0.9561843872070312
0.21282236278057098
0.14052173495292664
0.006665742956101894
-0.012910842895507812
-0.019137268885970116
-0.05488475784659386
0.014858392998576164
0.13943736255168915
-0.005938848480582237
0.08106328547000885
0.06668782979249954
-0.08345469832420349
0.061519868671894073
0.036991022527217865
0.06324958801269531
-0.09592733532190323
0.007210578769445419
0.15812525153160095
0.08795532584190369
0.10934533923864365
0.01191430352628231
0.5163572430610657
0.4527941048145294
1.7307294607162476
2.499246835708618
-0.04993225634098053
0.42602893710136414
0.41413232684135437
0.7964738607406616
0.7863842248916626
0.02971595898270607
0.15802286565303802
0.1098814606666565
-0.011687921360135078
-0.020696407184004784
0.008229514583945274
0.013403068296611309
0.10830235481262207
-0.0009132139384746552
0.094291552901268
0.07394017279148102
-0.04759649187326431
0.03694799914956093
0.005199038423597813
0.10480586439371109
0.03655942529439926
0.017233826220035553
0.05548989772796631
0.060101501643657684
0.10500886291265488
-0.022810611873865128
0.4108298718929291
0.5377196669578552
1.1036630868911743
0.8353305459022522
-0.00916152074933052
0.6839489340782166
0.4768866300582886
3.3738975524902344
3.2606310844421387
0.10790738463401794
0.1670048087835312
0.025290943682193756
0.01779906079173088
-0.03783413767814636
-0.07995745539665222
0.016311611980199814
0.14646096527576447
0.017368096858263016
0.05654317885637283
0.035817310214042664
-0.0333683006465435
-0.025029366835951805
-0.019570481032133102
0.0895640105009079
0.14240704476833344
0.0009147469536401331
0.01414121501147747
-0.02547314204275608
0.31137239933013916
0.43090295791625977
0.6356249451637268
0.07384534180164337
4.949418067932129
4.911407947540283
0.14680558443069458
0.5299535989761353
0.3816322684288025
1.91292142868042
1.7654110193252563
0.3386717438697815
0.2128288894891739
0.05439649522304535
-0.038919299840927124
-0.019951460883021355
-0.04098889231681824
0.002720409072935581
0.13042984902858734
-0.004796735942363739
0.09233716875314713
0.07796699553728104
-0.0713556632399559
0.021673982962965965
-0.046499572694301605
0.051218606531620026
-0.011466586962342262
0.002799906535074115
0.08056662976741791
0.011976879090070724
0.06950691342353821
-0.08770550787448883
0.2298768311738968
0.33490121364593506
3.5518529415130615
3.9274110794067383
-0.08559438586235046
0.4103652536869049
0.5239158272743225
1.0844422578811646
0.9961285591125488
0.21361355483531952
0.1531067192554474
-0.018650690093636513
0.006500053219497204
-0.019007794559001923
-0.015390817075967789
0.03443283587694168
0.1321972906589508
-0.036044925451278687
0.0976865142583847
0.10519945621490479
-0.06543858349323273
0.05117868259549141
-0.036738548427820206
0.0599440336227417
0.09288661926984787
0.00830176379531622
0.020191024988889694
-0.006326735019683838
0.19853320717811584
-0.07864245027303696
0.39398470520973206
0.35125237703323364
1.963042974472046
2.777764081954956
-0.06084516644477844
0.48567670583724976
0.3468584418296814
0.7227742075920105
0.8892624974250793
0.1639147400856018
0.1200401559472084
0.04288521781563759
-0.030639663338661194
-0.014112820848822594
-0.06780251860618591
0.037812549620866776
0.16859515011310577
0.016027163714170456
0.032873138785362244
0.06853542476892471
0.0032565025612711906
-0.031594499945640564
0.0038914212491363287
0.09160178899765015
0.1784334033727646
0.016136884689331055
0.0010387664660811424
0.02018779143691063
0.20259776711463928
-0.010660788975656033
0.2659594714641571
0.31583938002586365
0.8215726613998413
1.7814499139785767
0.0007168315351009369
0.5452758073806763
0.3475494384765625
0.4513939321041107
0.9170362949371338
0.0743870884180069
0.12087109684944153
0.017416447401046753
0.00821418222039938
-0.00780539121478796
-0.011955545283854008
0.06093582510948181
0.1528645157814026
0.13613015413284302
0.050847649574279785
0.0011617690324783325
0.018488919362425804
-0.057298269122838974
-0.00171360420063138
-0.014130592346191406
0.2575843930244446
0.008482346311211586
0.042031772434711456
0.07430560141801834
0.12049032002687454
0.06324809789657593
0.6555241942405701
0.4477415680885315
1.15013587474823
1.5581302642822266
0.022208597511053085
0.30428141355514526
0.2935561537742615
0.5208458304405212
0.6797721982002258
0.003843211103230715
0.16608238220214844
0.05463077500462532
0.008630882948637009
0.06788691878318787
-0.004103010054677725
0.07331708818674088
0.12147799134254456
0.038955237716436386
0.07572523504495621
0.04269134998321533
-0.05914382264018059
-0.01071941014379263
0.006025167182087898
0.01697053387761116
0.02085137367248535
0.05173204094171524
0.10080944746732712
0.06481074541807175
0.15606090426445007
0.08712012320756912
0.38814690709114075
0.49771302938461304
1.48622727394104
1.8640848398208618
0.07421187311410904
0.39646533131599426
0.506601870059967
0.7060438394546509
0.8664892315864563
-0.00578672718256712
0.15925973653793335
0.15827308595180511
0.0422033816576004
0.06875746697187424
-0.07271513342857361
0.051884833723306656
0.055715031921863556
0.0546722374856472
0.07360947132110596
0.05804624408483505
-0.0534072145819664
0.030236484482884407
-0.008044340647757053
0.07526546716690063
0.15351618826389313
0.004034345969557762
0.027923105284571648
0.010460881516337395
0.06389608979225159
-0.02188442274928093
0.6495183110237122
0.45123133063316345
1.5936877727508545
1.4597257375717163
0.0004707156331278384
-3.0084476730589498e-40
8.182882382424769e-41
1.4227663567982733e-40
-1.70027950467316e-40
0.05711202323436737
0.2369897961616516
0.05351109802722931
-0.04707324877381325
0.21649527549743652
-0.043189551681280136
-0.012536912225186825
0.1335361897945404
0.017878945916891098
0.07421059161424637
-0.006666846573352814
-0.024605652317404747
0.04786669462919235
-0.0446932353079319
0.08716797828674316
0.15831801295280457
0.012856935150921345
0.04846978932619095
-0.021552851423621178
0.031081825494766235
0.07904684543609619
0.5231320858001709
0.4446718096733093
3.1113011837005615
2.27229642868042
0.07615739107131958
0.4859798550605774
0.46628645062446594
1.1342252492904663
0.8107796907424927
0.01572287268936634
0.17759378254413605
0.17187447845935822
0.01910560391843319
-0.003775058314204216
-0.029790692031383514
0.06794673204421997
0.0634273886680603
0.009774869307875633
0.02602333389222622
0.03858732804656029
-0.004405010491609573
0.014392994344234467
0.005233049858361483
0.13415002822875977
0.09247740358114243
0.003791898488998413
-0.01194564439356327
0.09997474402189255
0.038139745593070984
0.003722798079252243
0.23356416821479797
0.5330408215522766
1.7863092422485352
1.6446568965911865
0.001318355672992766
5.791426423208036e-41
-2.1946015509483825e-40
2.1220283034810002e-40
4.455708727013621e-41
-0.15001201629638672
0.16934557259082794
0.07722654193639755
-0.01594218797981739
0.05991489812731743
0.008609084412455559
0.065203957259655
0.10405537486076355
0.10129529237747192
0.11907555907964706
0.007485642097890377
-0.08196867257356644
0.06654831022024155
0.003089295933023095
0.10252134501934052
0.1701134741306305
-0.009576898068189621
0.04677170515060425
0.018705811351537704
0.13773813843727112
0.03601246699690819
0.3208483159542084
0.499253511428833
1.505489706993103
1.7481905221939087
0.00956619530916214
0.3752082288265228
0.507876992225647
0.6188531517982483
0.7518695592880249
-0.004610292613506317
0.11165069788694382
0.019680852070450783
-0.04534012824296951
0.0689200758934021
0.04073560610413551
0.09554298967123032
0.14114385843276978
0.028035417199134827
0.09483551979064941
-0.015590528026223183
-0.05322522297501564
0.04227831959724426
0.02783958427608013
0.06664592772722244
0.17236310243606567
-0.037039291113615036
0.10953342914581299
0.03768124058842659
0.21377165615558624
-0.0008464343845844269
0.2582820951938629
0.4545145630836487
1.0950442552566528
1.5264912843704224
0.0019423144403845072
0.6600068211555481
0.3936648368835449
0.5008338689804077
0.8542807102203369
0.27717867493629456
0.0072703007608652115
-0.0035630157217383385
-0.025092121213674545
0.005064953118562698
-0.023627664893865585
0.013187884353101254
0.02412879839539528
0.048194270581007004
0.013020457699894905
-0.008911474607884884
0.025128740817308426
-0.0055513205006718636
0.032090362161397934
0.342454731464386
0.12186387181282043
0.007715623360127211
-0.012259947136044502
0.17990654706954956
0.04093810170888901
-0.005749065428972244
0.6753707528114319
0.2802625298500061
0.7130929231643677
0.98453289270401
-0.031133025884628296
0.2701459527015686
0.19535213708877563
0.467818021774292
1.1302073001861572
0.18997852504253387
0.13144895434379578
0.10251596570014954
-0.006102536339312792
-0.02485954947769642
-0.0031048431992530823
0.11844193190336227
0.08948849141597748
-0.06792504340410233
0.10965549945831299
0.02031950280070305
0.007027748506516218
0.014768668450415134
-0.006542288698256016
0.14219190180301666
0.13293585181236267
0.04404958337545395
0.06345521658658981
-0.05720733851194382
0.03754671290516853
0.00490274652838707
0.4399223327636719
0.38564419746398926
1.271722674369812
1.2623659372329712
0.04553733766078949
0.4522658586502075
0.4087234437465668
0.665596067905426
0.786240816116333
-0.0024945074692368507
0.20170879364013672
0.09485577046871185
-0.02758621983230114
-0.015536335296928883
0.010538834147155285
-0.028003115206956863
0.21658796072006226
0.013560158200562
0.08644139021635056
0.026269210502505302
-0.03173431009054184
0.05778048560023308
0.010592757724225521
0.08091498166322708
0.07437910884618759
-0.016452744603157043
0.07017643749713898
0.08892598748207092
0.047996886074543
0.015136385336518288
0.49284061789512634
0.37785905599594116
1.4708837270736694
1.279050588607788
-0.0010789469815790653
-1.269394239877922e-40
-2.7983930332566597e-41
1.8396666629195496e-40
-1.6841645723334246e-40
-0.14188021421432495
0.17796075344085693
0.026812972500920296
-0.017396636307239532
0.03452834114432335
0.10091284662485123
0.03585245460271835
0.10621975362300873
0.03612886369228363
0.09487789124250412
0.014404905028641224
-0.0019870144315063953
0.01596680097281933
0.07651405036449432
0.0406242311000824
0.05305229127407074
0.21789789199829102
0.025410715490579605
0.047947049140930176
0.07973343878984451
0.17296406626701355
0.42896994948387146
0.34337118268013
2.4490554332733154
1.4845538139343262
-0.0001198974423459731
1.3089388825411684e-40
1.084240673786684e-40
2.1412541184115367e-40
2.42595592740841e-40
0.08128810673952103
0.10327263176441193
0.17156757414340973
0.019495945423841476
-0.09935979545116425
-0.021804945543408394
0.0021654553711414337
0.18699881434440613
0.0010108682326972485
0.1142633929848671
0.07357700169086456
0.007812052499502897
0.03026307374238968
0.03908828645944595
0.07321516424417496
0.014162331819534302
-0.09167219698429108
0.055421940982341766
0.09514091163873672
0.08312185853719711
0.12537401914596558
0.3878898024559021
0.33388465642929077
1.700615644454956
1.3497036695480347
-0.001152035198174417
8.353700665225964e-41
5.391075451950436e-41
-9.438585936306238e-41
1.8783985524734875e-40
0.0390365831553936
0.06227084994316101
0.12727239727973938
0.014906476251780987
-0.15146119892597198
0.00827077403664589
0.09270638972520828
0.1332862228155136
0.03395763784646988
0.1233016699552536
0.011875070631504059
0.1283757984638214
-0.016476206481456757
0.007294287905097008
0.10533503443002701
0.08214174956083298
0.05110172554850578
0.043102748692035675
0.044163644313812256
0.03333507478237152
-0.02928801067173481
0.37541431188583374
0.285043865442276
1.41445791721344
1.4261988401412964
-0.01950092986226082
0.3665514588356018
0.357232928276062
0.5679287314414978
0.6820184588432312
0.2750873267650604
0.03091045841574669
-0.004015860613435507
0.002561488188803196
0.041637811809778214
0.0033750724978744984
0.05043051019310951
0.04495665803551674
0.02149529941380024
0.03028607740998268
-0.027859702706336975
0.025682419538497925
0.040803082287311554
0.04044065997004509
0.3027568459510803
0.22191168367862701
-0.04172799736261368
-0.019355889409780502
-0.07062132656574249
0.05454990267753601
0.05166271701455116
0.22198767960071564
0.34466463327407837
0.7827476859092712
1.0557656288146973
0.029611853882670403
0.5837912559509277
0.28351637721061707
0.4439641535282135
0.9288742542266846
0.24112960696220398
-0.09131871908903122
-0.025180770084261894
0.033812399953603745
0.03209088370203972
0.054404281079769135
0.1027194932103157
0.00565844401717186
-0.05204040929675102
0.002763819880783558
-0.015107352286577225
0.27901509404182434
0.04933448135852814
0.020616929978132248
0.09084880352020264
0.28854700922966003
0.0563691183924675
0.0058091916143894196
0.1675720512866974
0.04037081450223923
0.004252089187502861
0.5934607982635498
0.13191311061382294
0.6981613636016846
0.7409107685089111
-0.0005751099088229239
-1.7836427503158434e-40
1.1594063234130671e-40
3.092945970457736e-41
-1.957473824815337e-41
0.1772538423538208
0.1811002790927887
0.03556668013334274
0.010554136708378792
-0.043344542384147644
0.03784005716443062
0.04331599175930023
0.08720103651285172
-0.10805244743824005
-0.0376533605158329
0.03532880172133446
0.06081309914588928
0.01634383574128151
-0.03994053229689598
0.303455114364624
0.04675762355327606
-0.014924188144505024
-0.045320041477680206
0.1425819844007492
0.03425931930541992
0.0053411321714520454
0.4238084852695465
0.41051822900772095
1.1950035095214844
0.8273212909698486
0.0012847286416217685
-2.122126394373503e-41
-7.691026621446758e-41
-2.0194392429077804e-40
-1.950747592186578e-40
0.1989808827638626
0.04310541972517967
-0.0023115542717278004
0.0878186747431755
0.12291024625301361
0.02784310281276703
-0.005872068461030722
-0.029744934290647507
0.006590642966330051
0.08987081050872803
0.02434943988919258
0.13669592142105103
-0.07854574173688889
-0.02518976293504238
0.07985179871320724
0.06797042489051819
0.11160767078399658
0.0914827436208725
-0.07006453722715378
0.03248055279254913
-0.00668248999863863
0.6059172749519348
0.17363983392715454
0.4831288456916809
0.7117992639541626
-0.02208588272333145
0.47438937425613403
0.26658111810684204
1.4594193696975708
0.8287750482559204
0.17001114785671234
0.15627624094486237
-0.01039083767682314
0.08755145221948624
-0.03426896035671234
0.17231279611587524
0.01620536670088768
-0.038569092750549316
0.015696516260504723
-0.0027276452165097
-0.06241869553923607
0.13434715569019318
-0.011272234842181206
0.02714810147881508
-0.024473663419485092
-0.00598664628341794
0.17617428302764893
0.0004450920969247818
0.23504920303821564
0.03256668895483017
-0.016208797693252563
0.4275105595588684
0.31530970335006714
1.6358009576797485
0.7656828165054321
0.0004550752346403897
4.821587756048831e-41
3.3381872146992225e-40
-4.509364445212618e-40
8.00673916545914e-41
0.2019076645374298
0.10419286787509918
-0.0008124107262119651
0.08754729479551315
0.10271643847227097
0.036400604993104935
0.05666077882051468
-0.04376419261097908
0.03114387020468712
-0.009874686598777771
0.037453196942806244
0.1332392543554306
0.01792452298104763
0.049571629613637924
0.21674418449401855
0.054204147309064865
0.29918408393859863
0.06277758628129959
-9.341444820165634e-05
0.013695506379008293
-0.002337002195417881
0.36851292848587036
0.1854243278503418
1.629077434539795
0.7097882628440857
-0.00985752698034048
0.36904630064964294
0.1234855204820633
0.6482400298118591
0.7691988348960876
0.07827609777450562
0.13142913579940796
0.008104356937110424
-0.0005099670961499214
0.0017983419820666313
-0.01027709525078535
0.03996063023805618
0.11638765782117844
0.007325035519897938
0.006413365248590708
-0.015284443274140358
0.09958485513925552
-0.009352704510092735
0.014182829298079014
0.4070259928703308
0.15256834030151367
-0.038900021463632584
0.06443769484758377
0.040791094303131104
0.052245091646909714
0.01982652209699154
0.3611634373664856
0.25047433376312256
1.1818511486053467
0.882235586643219
-0.0011434550397098064
0.27388906478881836
0.10512332618236542
0.48849231004714966
0.3171858787536621
0.21330392360687256
0.0037315627560019493
-0.03174764662981033
-0.10087074339389801
-0.03433919697999954
-0.04577106609940529
-0.046088285744190216
0.04766714200377464
0.005012043751776218
0.02012888342142105
0.016157738864421844
0.23904620110988617
0.01615200936794281
0.020023133605718613
-0.08127278089523315
0.28617674112319946
0.01075455080717802
-0.041596077382564545
0.18028612434864044
-0.03516554459929466
-0.00028037745505571365
0.4461551904678345
0.0908861756324768
0.5395742058753967
0.4603227972984314
0.011276274919509888
0.24005115032196045
0.20300228893756866
0.6300674676895142
0.8512951731681824
