0.24315568804740906
-0.015064445324242115
0.039742711931467056
0.002449123654514551
-0.0216665118932724
-0.024545416235923767
-0.0025814324617385864
-0.006074031814932823
-0.010012315586209297
0.05121888592839241
-0.007063316181302071
0.3684413731098175
-0.035935234278440475
-0.0063222069293260574
0.09114199876785278
-0.04844459146261215
-0.032894328236579895
-0.0028780074790120125
0.006821299437433481
-0.005115895997732878
0.003693976905196905
0.42459458112716675
0.5112362504005432
0.32217007875442505
0.32671022415161133
4.542803799267858e-05
5.748266430506832e-41
-2.452902896877376e-40
2.175768099587857e-40
2.079106531518731e-41
0.2506154775619507
0.13647601008415222
0.043405499309301376
-0.039903804659843445
0.023950152099132538
-0.016003422439098358
-0.0028843116015195847
0.07571280747652054
-0.02926020137965679
0.08516248315572739
0.04125287011265755
0.3088133931159973
0.040405210107564926
0.01763710379600525
0.025852840393781662
0.04817068949341774
0.011985594406723976
0.08169767260551453
0.01541371550410986
-0.0012910128571093082
0.008870518766343594
0.37910303473472595
0.4691450595855713
0.7328821420669556
0.5121701955795288
-0.001027615973725915
3.5832603031249897e-41
-1.7510205220663617e-40
1.2884939379466693e-41
3.1823488124816596e-41
0.1210499182343483
0.05365133285522461
-0.002348965033888817
-0.016836917027831078
0.09583031386137009
-0.00640928465873003
-0.06342169642448425
0.03704731911420822
0.008176196366548538
0.1018037274479866
-0.009500316344201565
0.23586563766002655
0.07366202771663666
0.016831647604703903
0.15596361458301544
-0.01890561729669571
0.004538319073617458
0.01694844663143158
-0.03142629936337471
0.15427204966545105
-0.008092857897281647
0.2500474750995636
0.5695016384124756
0.6600931882858276
0.5127026438713074
0.0007221205742098391
-7.927425672378355e-41
-2.1025642678115285e-40
-4.215245910535482e-41
2.1491013898117557e-40
0.03416886180639267
0.15793804824352264
0.030303046107292175
0.05669942498207092
0.008949926123023033
-0.054437629878520966
-0.031295571476221085
0.18790379166603088
-0.01968001201748848
0.06921669840812683
-0.009104562923312187
0.17203426361083984
0.012787695042788982
-0.033231742680072784
0.1330331563949585
0.07178264856338501
0.014950336888432503
0.08057614415884018
-0.014910315163433552
0.0861273854970932
-0.013349723070859909
0.40470603108406067
0.5188676714897156
0.969586968421936
0.5936285257339478
0.0004039871273562312
4.487518202153794e-41
8.337165343346932e-41
9.469694762214249e-41
-1.0316079034666438e-40
0.20032112300395966
0.06864406168460846
-0.030712582170963287
-0.03614892438054085
0.038085900247097015
-0.007304077502340078
-0.021541651338338852
0.034219007939100266
-0.0046847667545080185
0.20104685425758362
-0.06406555324792862
0.22683556377887726
-0.03526993840932846
-0.05887891352176666
0.09312981367111206
-0.001171732321381569
-0.04084116965532303
0.08936777710914612
0.020259130746126175
0.19097289443016052
-0.0007771379314363003
0.37134888768196106
0.4754408597946167
0.8208192586898804
0.44831210374832153
0.0004563143302220851
1.3953009068975069e-40
-2.9371215812248166e-41
2.4378389383858843e-41
-1.0071552452641758e-40
0.06872813403606415
0.09337881952524185
0.08759428560733795
-0.008273942396044731
0.011184651404619217
0.003004029393196106
-0.0621061734855175
-0.0069669028744101524
-0.006690190173685551
0.12125279754400253
0.004784471355378628
0.31968188285827637
-0.025550758466124535
-0.03857984393835068
0.12472201883792877
-0.006015620194375515
-0.0367717444896698
0.02338087372481823
0.015040725469589233
0.029147999361157417
0.0008150461362674832
0.20210611820220947
0.3927359879016876
0.8236261606216431
0.558181881904602
-0.00018351542530581355
-1.304118415823891e-40
5.330399228445172e-41
6.39692748964279e-41
-7.746237780941156e-41
0.24319137632846832
0.040440164506435394
0.04948420822620392
0.022760994732379913
0.02453538030385971
-0.012981320731341839
0.004807459190487862
0.00874951109290123
0.038192614912986755
-0.017411869019269943
-0.018274301663041115
0.3960731029510498
-0.050479013472795486
-0.0022739460691809654
-0.027300532907247543
-0.01414364855736494
0.019124649465084076
0.01523654069751501
-0.012694267556071281
0.03886357694864273
0.004673306830227375
0.37919944524765015
0.47863510251045227
0.2995435893535614
0.2998737692832947
-0.0008663941989652812
6.923115062996759e-41
-3.321217490296249e-41
1.6826511699919538e-40
2.3099424275469582e-40
0.2505531311035156
0.1134495660662651
0.01176246628165245
0.0336470752954483
-0.031231589615345
-0.013767519034445286
0.0795755609869957
-0.04955911263823509
-0.016125047579407692
0.2773883640766144
0.03479350358247757
0.11400719732046127
0.0699678584933281
0.026094064116477966
-0.03247084841132164
-0.0013290252536535263
0.00584476999938488
0.15777406096458435
0.02545495145022869
-0.049939051270484924
0.006741995923221111
0.5489731431007385
0.5651767253875732
0.5939521193504333
0.5644261837005615
0.000241830013692379
0.36375460028648376
0.4896027445793152
0.40799033641815186
0.42423418164253235
0.21951551735401154
0.07232104986906052
-0.0008719789329916239
-0.014088299125432968
0.05615571513772011
0.024123700335621834
0.044966548681259155
0.06287678331136703
0.04501117020845413
0.2906804084777832
-0.030351219698786736
0.11309181898832321
0.022887298837304115
-0.022713428363204002
-0.052842479199171066
0.005406999494880438
0.009178755804896355
0.12350425124168396
-0.004628090187907219
-0.02004600130021572
0.05119716003537178
0.2605188488960266
0.4343256950378418
0.8280328512191772
0.6053470969200134
-0.0008032301557250321
-2.237271089187073e-40
-1.4242377201858143e-40
-1.1497653899785124e-40
-6.981409079112671e-41
0.20651236176490784
0.13066448271274567
-0.05240238457918167
0.0754862129688263
0.07223387062549591
-0.009561210870742798
-0.0045294929295778275
0.07150758802890778
0.003554191440343857
0.22075164318084717
-0.00047371722757816315
-0.0074752140790224075
-0.014089260250329971
0.011963771656155586
0.027866721153259277
0.11691254377365112
0.004516240209341049
0.1036049947142601
-0.029239596799016
-0.022445308044552803
0.03022942692041397
0.4835149049758911
0.5257733464241028
0.8140558004379272
0.5318977236747742
0.003350694663822651
0.3710764944553375
0.4519575238227844
0.4312496781349182
0.3014221787452698
0.16530588269233704
0.09099578857421875
-0.021957052871584892
0.04247478395700455
0.01776381954550743
0.021332329139113426
0.061897724866867065
0.11693874001502991
0.01246744953095913
0.1328980177640915
0.019017642363905907
0.058469727635383606
-0.0073907142505049706
0.0243202093988657
0.06829997897148132
0.036214347928762436
0.04569702595472336
0.08137114346027374
0.020165640860795975
-0.01709703728556633
-0.019065627828240395
0.41079244017601013
0.5284168124198914
1.201683521270752
0.8822035789489746
0.010000579990446568
0.3872973620891571
0.5998724699020386
0.28970739245414734
0.4365185797214508
0.09667088836431503
0.17317555844783783
0.009578818455338478
0.029802419245243073
0.07556626200675964
-0.026229513809084892
-0.0015063495375216007
0.012952819466590881
0.049179017543792725
0.20292961597442627
0.04921478033065796
0.017210453748703003
0.018979212269186974
0.014529655687510967
0.0806989073753357
0.09468565136194229
-0.025067374110221863
0.03783874213695526
0.03223499283194542
0.09800298511981964
-0.03035840205848217
0.5092352628707886
0.5493080615997314
0.8485063314437866
0.5980976819992065
-0.010898876003921032
0.47908052802085876
0.46612659096717834
0.43849241733551025
0.36681532859802246
0.13118475675582886
0.0751882940530777
0.025072705000638962
0.06822528690099716
0.013193570077419281
0.024853866547346115
0.04844779148697853
0.0298240315169096
0.07688847929239273
0.36037445068359375
-0.028327982872724533
0.03595881164073944
-0.046675730496644974
0.0105730090290308
0.02802017517387867
-0.02321654185652733
0.008857817389070988
0.07727216184139252
0.07678840309381485
0.036655034869909286
0.031401269137859344
0.39150765538215637
0.44229188561439514
0.8557653427124023
0.7304695844650269
-0.0035678355488926172
0.40631160140037537
0.47406336665153503
0.556102991104126
0.3300090432167053
0.18334850668907166
0.058793552219867706
0.01877686381340027
0.0490272082388401
-0.007902281358838081
0.016418173909187317
0.06570696085691452
0.006046220660209656
0.007930624298751354
0.2692197263240814
0.024149710312485695
0.09843886643648148
0.01635180413722992
0.021889491006731987
0.05586384981870651
0.04688980057835579
0.0020219299476593733
0.029924605041742325
-0.031067896634340286
0.038319289684295654
-0.005621591582894325
0.4706149399280548
0.5132071375846863
0.5160086750984192
0.5437414646148682
0.002131299115717411
0.2699519693851471
0.41775232553482056
0.6363081932067871
0.39211422204971313
0.2927304208278656
0.1400483399629593
0.013467269018292427
0.015710745006799698
0.004432990215718746
0.020985929295420647
-0.025089794769883156
0.007703632116317749
0.030212312936782837
0.2686122953891754
-0.003218412399291992
-0.01851951703429222
-0.008284172043204308
0.00048497499665245414
0.048240818083286285
-0.03284251689910889
0.03170248121023178
0.010173972696065903
0.02859996259212494
0.1075877994298935
-0.02487925812602043
0.5635820031166077
0.5017542839050293
0.6008483171463013
0.9407127499580383
-0.0002482165873516351
-1.8845502527318735e-40
-1.957473824815337e-41
2.4169595912674445e-41
1.4010322176165954e-40
0.028696011751890182
0.13817311823368073
0.027481842786073685
0.025174926966428757
-0.030034512281417847
0.026740379631519318
0.011365903541445732
0.0894484743475914
0.037380486726760864
0.31340911984443665
-0.025386840105056763
0.18321280181407928
-0.0008547427132725716
-0.023796796798706055
-0.03710049390792847
0.1207580491900444
0.024813931435346603
0.008224433287978172
0.02229035086929798
0.0598059743642807
-0.026819169521331787
0.4239237308502197
0.5397389531135559
0.8038500547409058
0.8853731751441956
-0.00016853990382514894
6.20270752248737e-41
-1.1629936474817387e-40
-2.1409598457340285e-40
-4.5222704040690497e-41
0.27583274245262146
0.17643560469150543
-0.0069490522146224976
-0.01602054201066494
0.010147769004106522
0.003459789790213108
0.01191751193255186
0.0611024908721447
-0.003935854882001877
0.39216798543930054
0.03514280170202255
-0.04061850160360336
0.005145283415913582
-0.016587480902671814
0.02905319072306156
0.02927771955728531
0.022419363260269165
-0.02952270209789276
0.07329314947128296
-0.01284271851181984
0.019527047872543335
0.5843895673751831
0.6389457583427429
1.335156798362732
1.1948846578598022
0.023655153810977936
0.5493409633636475
0.5639833211898804
0.6124157905578613
0.4672819972038269
0.21994027495384216
0.24819745123386383
-0.00030710361897945404
-0.004429115913808346
-0.035799603909254074
0.039300352334976196
0.012413009069859982
0.06680943071842194
0.08649224787950516
0.2692454755306244
-0.020739641040563583
-0.020613733679056168
0.04072723537683487
-0.008742276579141617
0.0031399093568325043
0.043835319578647614
-0.0219930000603199
-0.016503900289535522
-0.010913440957665443
0.08515363931655884
0.014064330607652664
0.34440121054649353
0.6353470683097839
0.632547914981842
0.7119714021682739
0.01605369709432125
0.26146605610847473
0.6971542239189148
1.5578937530517578
1.2816182374954224
0.14653313159942627
0.13443033397197723
-0.017940647900104523
0.00381589587777853
-0.006757658906280994
0.015749434009194374
0.02263428084552288
0.07194610685110092
0.0011137817054986954
0.33988240361213684
0.02465384267270565
0.02451862394809723
0.015082381665706635
-0.005001134239137173
0.05384457856416702
0.09726803004741669
0.0012079421430826187
0.001121489331126213
0.0017311135306954384
0.0008251250255852938
-0.006616828963160515
0.4673680067062378
0.5262837409973145
1.177262783050537
1.1249759197235107
0.008345641195774078
0.4909730851650238
0.5585826635360718
0.548041582107544
0.4950389564037323
0.05267271399497986
0.15874840319156647
0.04175843298435211
-0.0657951608300209
-0.0225054994225502
0.022818779572844505
0.0037662694230675697
0.07003103196620941
-0.005353925749659538
0.350406289100647
0.0012827449245378375
0.10100048035383224
0.06474466621875763
0.009992695413529873
0.037335123866796494
0.12725432217121124
0.049598414450883865
-0.030549949035048485
0.024796200916171074
0.0016101994551718235
-0.01335861999541521
0.3165270984172821
0.5366063117980957
0.9422234892845154
0.8600170016288757
-0.01657017506659031
0.32874196767807007
0.5733768939971924
0.4281870424747467
0.33312657475471497
0.14914308488368988
0.11987381428480148
0.03529183194041252
-0.01873917691409588
-0.0009784537833184004
-0.011827358044683933
0.027899697422981262
0.01905471459031105
0.04601184278726578
0.2568778395652771
0.047703422605991364
0.026860525831580162
0.02091790921986103
0.0013120267540216446
0.08428981900215149
-0.11612144857645035
0.015533410012722015
0.12082041800022125
-0.02287660911679268
0.1263887733221054
0.038548752665519714
0.3084646165370941
0.4169987440109253
0.485375314950943
0.7008653283119202
0.0003241627127863467
-9.15244078989111e-41
-1.1385550022639139e-40
5.884052251699907e-42
1.1627554267428035e-40
0.12439101934432983
0.1265011727809906
0.021222390234470367
0.04666920006275177
-0.014791752211749554
0.02387191355228424
0.015726007521152496
0.04759908840060234
-0.0018078023567795753
0.3695078194141388
0.11737078428268433
-0.053409017622470856
0.0504595972597599
-0.01985877938568592
0.06154782697558403
-0.008693777024745941
-0.04101869836449623
-0.06350255012512207
0.03376045450568199
0.09636402130126953
0.08044055849313736
0.6377285122871399
0.5754364132881165
0.8336055278778076
1.298459768295288
0.010203910060226917
0.36815810203552246
0.4748176634311676
0.43838223814964294
0.6447157859802246
0.21328969299793243
0.09001193940639496
0.0060833715833723545
0.0017080474644899368
-0.03090706281363964
-0.0003219395875930786
0.023626631125807762
0.06867058575153351
-0.0001369621604681015
0.43615245819091797
0.053360383957624435
0.010870883241295815
0.00280622486025095
-0.02894286811351776
0.030934656038880348
-0.022672468796372414
0.005496508441865444
-0.05496355518698692
0.024185504764318466
0.12242157012224197
0.00477893091738224
0.571380615234375
0.4822665750980377
1.2781845331192017
1.2836511135101318
0.009897897019982338
0.4626598060131073
0.4989699125289917
0.46961456537246704
0.6019803285598755
0.16596859693527222
0.11545229703187943
0.05026065558195114
-0.01999025233089924
-0.012972898781299591
0.008432256057858467
0.027649903669953346
0.11414216458797455
0.045459404587745667
0.4133754074573517
0.0325830914080143
-0.04945790767669678
0.015576628036797047
-0.03420946002006531
-0.0321555957198143
-0.014341771602630615
0.006002189125865698
0.011804668232798576
0.028430195525288582
0.07430019229650497
0.15630559623241425
0.7433493733406067
0.38862738013267517
0.8376946449279785
0.7687471508979797
0.22692270576953888
0.73562091588974
0.47862809896469116
2.280212163925171
1.8633733987808228
0.21868565678596497
0.03262008726596832
0.03226124867796898
0.03117755800485611
-0.0019545359537005424
-0.02460753358900547
0.008204268291592598
0.10011202841997147
-0.023342210799455643
0.3817669153213501
0.12805569171905518
-0.026647984981536865
0.008694939315319061
0.009388701990246773
-0.0024033456575125456
0.03614458441734314
-0.011902340687811375
-0.04040173441171646
0.012459985911846161
0.06004760041832924
0.44150084257125854
0.23943668603897095
0.44164639711380005
3.3235929012298584
2.660393476486206
0.23697660863399506
0.21912741661071777
0.2772478759288788
1.0795873403549194
1.32473886013031
0.2092277705669403
0.11676859855651855
0.014449423179030418
-0.0052632433362305164
0.007313070818781853
0.011580528691411018
0.011382922530174255
0.08596411347389221
0.005593134090304375
0.37154942750930786
0.04248625040054321
-0.03251811861991882
0.040168240666389465
0.0001665167510509491
-0.027581851929426193
-0.0012625386007130146
0.006011048331856728
-0.01555877085775137
0.03416965901851654
0.03349027410149574
0.014271771535277367
0.34825223684310913
0.6507706642150879
2.168152093887329
2.0662102699279785
-0.03160874545574188
0.42605677247047424
0.49878785014152527
0.5911104083061218
0.6819890737533569
0.12328445166349411
0.10279296338558197
0.05862380936741829
0.0016095694154500961
0.003389318473637104
0.04434457793831825
0.028510311618447304
0.04208052158355713
0.0023736655712127686
0.39481690526008606
0.029026320204138756
0.06950335949659348
-0.03692503273487091
0.00011099688708782196
-0.051697082817554474
0.1197209283709526
0.0172074306756258
-0.04271278902888298
0.02102648839354515
0.03877449780702591
0.03270711749792099
0.3706633448600769
0.7164391279220581
1.0369303226470947
1.418236494064331
0.060186415910720825
0.301006019115448
0.6325616836547852
0.3473283350467682
0.6093169450759888
0.06012318655848503
0.11546937376260757
0.009591156616806984
0.014801892451941967
0.021903034299612045
0.045155879110097885
0.015624106861650944
0.0610235258936882
-0.021022353321313858
0.3823840916156769
0.10901691764593124
0.038079217076301575
0.013810938224196434
0.01046021655201912
0.06709381937980652
0.0828910768032074
-0.019172588363289833
-0.059867870062589645
0.04633796215057373
0.024883385747671127
0.03961953893303871
0.36797645688056946
0.6281164884567261
0.7658496499061584
1.4252833127975464
-0.02136130817234516
0.5181173086166382
0.642438530921936
0.31107375025749207
0.4894573986530304
0.2670860290527344
0.05934179201722145
0.014543007127940655
-0.005016441456973553
-0.010165023617446423
0.006215132772922516
-0.006056459620594978
0.04038902372121811
0.013708129525184631
0.4523966908454895
0.020825374871492386
-0.03661271929740906
-0.0024712160229682922
0.0027120946906507015
0.015580520033836365
0.1887166053056717
0.004344870802015066
-0.01742732524871826
-0.019410312175750732
0.035432539880275726
0.10118257999420166
0.5998020768165588
0.29974573850631714
0.7125706672668457
1.1665222644805908
0.11226754635572433
0.30634385347366333
0.367865651845932
0.3374018371105194
0.8582035303115845
0.15671762824058533
0.08429916948080063
-0.009519422426819801
0.026548126712441444
0.06381627917289734
0.043487705290317535
0.07439159601926804
0.03102783113718033
-0.02862941101193428
0.3281101584434509
-0.027211803942918777
-0.03828376531600952
0.05033685639500618
-0.0006519947201013565
0.027462944388389587
0.2195005714893341
0.001489199697971344
-0.03937528282403946
-0.03353606164455414
0.04392680898308754
0.3663783669471741
0.47333821654319763
0.4035221338272095
0.7959229946136475
1.3535701036453247
0.3948005735874176
0.4738418757915497
0.3917369842529297
0.5539379715919495
0.6930837631225586
0.424649178981781
0.0551726371049881
0.022379223257303238
-0.011054238304495811
0.05200734734535217
0.031761761754751205
0.005596113856881857
0.031259290874004364
-0.06570814549922943
0.3570612967014313
0.01935579441487789
-0.10644543915987015
-0.020905977115035057
-0.0037456750869750977
0.00724871177226305
0.10858545452356339
0.022049568593502045
0.018338410183787346
-0.04113047569990158
0.03204147517681122
0.28081849217414856
0.5275464653968811
0.40361207723617554
0.8807097673416138
1.250895619392395
0.00017371207650285214
-1.1047136443504695e-40
-4.862926060746413e-41
5.129733288353858e-41
-2.0339426820135422e-40
0.22189375758171082
0.013919088989496231
0.0533931590616703
0.02068399265408516
-0.008678553625941277
-0.008433746173977852
0.016098182648420334
0.027585303410887718
-0.04932289943099022
0.48770663142204285
0.018918219953775406
0.010880162939429283
-0.009473415091633797
0.0012029623612761497
0.07393741607666016
-0.0075239017605781555
0.07189331948757172
-0.01268848218023777
-0.037145718932151794
0.034678079187870026
0.13921865820884705
0.33413124084472656
0.4073384404182434
2.495698928833008
1.9958857297897339
0.12872982025146484
0.3749026954174042
0.2750034034252167
0.7401712536811829
0.7079012393951416
0.3577069640159607
0.07005137205123901
0.01545112207531929
-0.02511834166944027
-0.01615816541016102
-0.010058239102363586
0.020038146525621414
0.012277321889996529
-0.02839954011142254
0.4051986634731293
0.03909370303153992
-0.015974881127476692
-0.04260457679629326
0.0229677502065897
-0.01241236925125122
0.11859055608510971
-0.025654952973127365
0.000342492014169693
0.0067871250212192535
0.016194768249988556
0.26664361357688904
0.5426595211029053
0.47509533166885376
1.3289421796798706
1.62580406665802
-9.665544348536059e-05
1.1494290783470745e-40
-2.0550182109169875e-40
-6.600115766969888e-41
-6.509732016020938e-41
0.5392363667488098
0.10605669766664505
-0.010152684524655342
-0.017936544492840767
0.027295587584376335
0.01709878258407116
0.03669993206858635
0.012377208098769188
-0.09678158909082413
0.31391850113868713
-0.023034755140542984
-0.032052695751190186
-0.03831952437758446
0.031518880277872086
0.08497387170791626
0.11208966374397278
0.01833486370742321
-0.030417101457715034
-0.044182419776916504
-0.051153361797332764
0.25518983602523804
0.38694167137145996
0.39626312255859375
0.9992940425872803
1.9010721445083618
0.18791238963603973
0.48556438088417053
0.3330039978027344
0.5070876479148865
0.9200946688652039
0.42008665204048157
0.06095445156097412
-0.008297311142086983
-0.0015522311441600323
-0.0077743930742144585
-0.015648750588297844
0.00685120839625597
0.06496871262788773
-0.04419019818305969
0.40562230348587036
0.014829750172793865
0.01496561337262392
-0.04064710810780525
0.017082974314689636
0.03318994119763374
0.02843143790960312
-0.035017263144254684
-0.010737822391092777
0.05428813397884369
0.02989456057548523
-0.017819706350564957
0.29822608828544617
0.4343380331993103
0.8379434943199158
1.5874732732772827
0.016655080020427704
0.6137989163398743
0.4145652949810028
0.4741927683353424
0.895443856716156
0.23055796325206757
0.07159256190061569
0.003206544555723667
0.01701032742857933
0.006868297234177589
-0.007617120631039143
0.03590480983257294
-0.026663945987820625
0.010870782658457756
0.29740747809410095
-0.012285576201975346
0.03993728756904602
-0.0008294559083878994
0.036023665219545364
0.14955174922943115
0.15134695172309875
0.05108172819018364
-0.074186772108078
0.05883330479264259
0.012178847566246986
-0.018051479011774063
0.5848150849342346
0.3255259096622467
0.8260918259620667
0.9592634439468384
0.016456156969070435
0.1830887645483017
0.3348906338214874
0.3350175619125366
0.7806777954101562
0.25938573479652405
0.19312185049057007
0.039154984056949615
-0.029597654938697815
0.023969436064362526
0.055279433727264404
0.023688621819019318
0.020688356831669807
-0.06886282563209534
0.19661930203437805
0.08245377242565155
-0.048232126981019974
-0.005102320574223995
-0.010337935760617256
0.07725318521261215
0.1097281351685524
0.005264671519398689
0.009655935689806938
0.08896169811487198
-0.026441045105457306
0.006173189729452133
0.5612154006958008
0.3407966196537018
1.179647445678711
1.0124684572219849
0.03302096202969551
0.43930694460868835
0.3462337553501129
0.49090391397476196
0.7170907258987427
0.14389605820178986
0.21831035614013672
0.03614941984415054
0.019678013399243355
0.08753059059381485
-0.0068923672661185265
-0.043078064918518066
0.06572391092777252
0.020447950810194016
0.22276772558689117
-0.011715462431311607
0.009486692026257515
0.006699094083160162
-0.016348958015441895
-0.02195429988205433
0.18053334951400757
0.05200444906949997
0.0019172360189259052
-0.007614148315042257
0.019270647317171097
0.03707823157310486
0.4795866310596466
0.3736344575881958
1.4174989461898804
1.1500324010849
-0.0006367750465869904
-4.323706411674223e-41
3.5663045917066594e-42
1.473283166437183e-40
-2.928153271053138e-41
0.07102001458406448
0.06232914701104164
-0.03313789889216423
-0.025937076658010483
0.05591338872909546
-0.004049181938171387
0.02498885616660118
0.013751101680099964
0.12292347103357315
0.25005215406417847
0.022238701581954956
0.033487990498542786
0.003653006162494421
-0.002409416250884533
0.08088203519582748
0.0855460911989212
-0.014963488094508648
0.03490861505270004
0.09077198803424835
0.0451781265437603
0.08544358611106873
0.4596940577030182
0.4543238580226898
1.765676736831665
1.2127472162246704
-0.0003536615986377001
-9.80348405641642e-42
3.3844300640219414e-40
6.850107413005436e-41
2.597741106149989e-40
0.10962425917387009
0.1708160638809204
0.01073380559682846
0.04636331647634506
0.007090758066624403
0.007406494114547968
-0.016393344849348068
0.06198840215802193
-0.03541524335741997
0.27888163924217224
0.05306001752614975
0.0028205798007547855
-0.012248885817825794
-0.006536195054650307
0.04296420142054558
0.3024555742740631
-0.010266381315886974
0.015726599842309952
-0.021838167682290077
0.009786095470190048
0.0059851547703146935
0.3403733968734741
0.3501312732696533
1.7511540651321411
1.3959100246429443
-0.0009009765926748514
-8.961864198742935e-41
1.8191656663864775e-41
-6.292110364511294e-41
-8.329318071946713e-42
0.2973187267780304
0.18021823465824127
0.010605614632368088
0.0041123973205685616
0.025257159024477005
0.011804398149251938
0.031489454209804535
-0.030957195907831192
-0.0348677821457386
0.20232965052127838
0.04608383774757385
0.03719794377684593
-0.03235337883234024
-0.00605043675750494
0.08732590079307556
0.09372606873512268
0.01958111859858036
0.06494962424039841
0.004676620475947857
0.006362633779644966
-0.05893130600452423
0.3784431517124176
0.39455729722976685
1.420701265335083
1.2804828882217407
-0.028803836554288864
0.27517831325531006
0.42519959807395935
0.4969855844974518
0.8241204619407654
0.210921511054039
0.08216910809278488
0.009620940312743187
0.06486430019140244
0.009906824678182602
0.012333711609244347
-0.032389286905527115
-0.022720500826835632
0.0008331706048920751
0.25347039103507996
0.004648328758776188
0.08841724693775177
0.06125424802303314
0.04134336858987808
0.07526953518390656
0.2116933912038803
-0.08679237961769104
0.01759401336312294
-0.008219875395298004
0.08680524677038193
0.005047126207500696
0.2829047739505768
0.2822761535644531
0.9426695704460144
1.1782910823822021
-0.024080436676740646
0.515823245048523
0.343674898147583
0.6437500715255737
0.892614483833313
0.173741415143013
0.06532152742147446
-0.016275521367788315
0.01443567406386137
-0.000735321082174778
0.026478441432118416
-0.003689183620736003
0.01969805732369423
-0.03489095717668533
0.029689840972423553
0.01303478516638279
0.41984254121780396
0.04463694989681244
0.008658107370138168
0.03159521520137787
0.14111894369125366
-0.02413489669561386
-0.03838915377855301
0.09654977172613144
0.024945758283138275
0.0013504473026841879
0.4922269284725189
0.17929044365882874
0.5968053340911865
0.30164825916290283
0.00012509748921729624
-2.10067251488469e-40
1.3072713373686218e-41
9.127918066765426e-41
1.7109854249406016e-40
0.2763892710208893
0.1375024914741516
0.0387578047811985
-0.01030854694545269
0.05902452766895294
0.06187793239951134
0.001194395124912262
0.1512630730867386
0.010510001331567764
0.022066209465265274
0.1295517385005951
0.002967285457998514
0.007013077847659588
0.048439331352710724
0.08442157506942749
0.021297438070178032
0.10833044350147247
-0.04203970730304718
0.026166975498199463
-0.02831527777016163
0.015913520008325577
0.4158587157726288
0.2172945886850357
0.8786634206771851
0.7247545719146729
0.00136651995126158
8.310961062064058e-41
-2.3153094006653223e-40
1.1449168972919485e-40
-2.880789382958959e-41
0.24645085632801056
-0.023131947964429855
0.06421905010938644
0.03162626177072525
0.04623665288090706
-0.011848736554384232
-0.014552038162946701
0.06311117112636566
0.029782690107822418
0.28684353828430176
0.012894636020064354
0.10945378243923187
-0.022075336426496506
-0.0015022717416286469
0.1918792873620987
-0.03858025372028351
0.036547571420669556
0.08046739548444748
-0.0408564954996109
-0.013146192766726017
0.007627524901181459
0.5497207641601562
0.24365681409835815
0.4219498932361603
0.5713194012641907
0.006698872894048691
0.45517072081565857
0.16621457040309906
1.0490771532058716
0.6258835196495056
0.2455635815858841
0.07596125453710556
-0.0026349329855293036
-0.07357824593782425
0.04282701760530472
0.054674334824085236
-0.05234972760081291
0.16354049742221832
-0.08105786889791489
0.01590356044471264
0.07281225919723511
0.09979547560214996
-0.02639739401638508
0.02292811870574951
0.10989585518836975
0.1957853138446808
0.01827436313033104
-0.021254565566778183
0.07616591453552246
0.0028519248589873314
0.07482753694057465
0.5120329856872559
0.27401649951934814
1.2334669828414917
0.782865583896637
0.0007451684796251357
1.0240689177285763e-41
2.863399269016688e-40
-1.8148216411470706e-40
5.186485876159013e-41
0.3535025119781494
-0.032930921763181686
0.043147262185811996
0.027366656810045242
-0.032547347247600555
-0.013277131132781506
0.026402601972222328
0.068792924284935
0.10480111092329025
0.21244673430919647
0.021541520953178406
0.09053598344326019
-0.030840206891298294
0.05142250657081604
0.1985888034105301
-0.04400607571005821
-0.06396827846765518
-0.011879587545990944
0.03264598548412323
0.02886582352221012
0.022833537310361862
0.43205526471138
0.3354845643043518
0.8946241140365601
0.5549983382225037
0.011924210004508495
0.3386761546134949
0.1437702775001526
0.4454454183578491
0.5037792325019836
0.07563300430774689
0.09942188858985901
-0.02525680884718895
-0.019984517246484756
0.015301238745450974
-0.010189407505095005
0.05403602868318558
0.10975319892168045
0.014783200807869434
-0.025605440139770508
0.11176396906375885
0.13772161304950714
0.0022673162166029215
0.012731070630252361
0.1043589860200882
0.15186315774917603
-0.005771267227828503
0.093253493309021
-0.005563828162848949
-0.02460179477930069
0.04099196568131447
0.3902703523635864
0.1434190422296524
0.7423266768455505
0.7758402228355408
0.005215045530349016
0.25300464034080505
0.04890003427863121
0.4032951891422272
0.22623766958713531
0.1994752585887909
0.007032326422631741
-0.032585471868515015
-0.02789359539747238
-0.05389726907014847
-0.011303241364657879
-0.03747783601284027
0.02968386560678482
0.008321561850607395
-0.04649578034877777
0.053517650812864304
0.30242088437080383
0.006873526144772768
-0.027274422347545624
-0.0404394194483757
0.19058188796043396
0.04571821913123131
-0.06360047310590744
0.17767219245433807
-0.06031424552202225
0.00041731493547558784
0.3338712155818939
0.08303079754114151
0.48263615369796753
0.260262131690979
0.005671206396073103
0.29850131273269653
0.1471567004919052
0.6150605082511902
0.4656323492527008
