0.1570347100496292
-0.003883164841681719
0.02213442511856556
0.026888176798820496
0.036194365471601486
-0.04766923934221268
0.03452148661017418
0.000887937203515321
-0.014280950650572777
0.03748670965433121
-0.07033224403858185
0.35601043701171875
0.008917665109038353
0.009390381164848804
0.13318882882595062
-0.02785460650920868
-0.039939478039741516
-0.0020447811111807823
0.042900506407022476
-0.024553557857871056
0.0010458605829626322
0.35941120982170105
0.5019010305404663
0.3387015163898468
0.3220656216144562
-0.0010200489778071642
2.998078064422946e-41
-2.881349902344689e-41
-1.1218795505384485e-41
2.597166573779616e-41
0.35486528277397156
0.07647798955440521
0.03744039312005043
-0.01285485364496708
-0.04101228713989258
-0.009054362773895264
0.03701796382665634
0.020544052124023438
-0.0610244944691658
0.11601778119802475
0.0031064720824360847
0.11090532690286636
-0.0010677371174097061
-0.04034107178449631
0.10365991294384003
0.021275483071804047
-0.01666911132633686
0.03283406049013138
0.02974003553390503
0.02967136539518833
-0.01800084114074707
0.20204848051071167
0.43227022886276245
0.5031306147575378
0.39358124136924744
-0.0002612215466797352
-8.925570568516922e-41
-1.1034524757325772e-40
2.5379196747079627e-40
-7.577801705529313e-41
0.11367713660001755
0.04685424268245697
-0.03912362828850746
0.014328539371490479
-0.005065856035798788
-0.045798592269420624
0.0064606862142682076
-0.032324936240911484
0.031832270324230194
0.03302415832877159
0.040492281317710876
0.27833205461502075
-0.03193304315209389
0.04026314243674278
0.103880375623703
0.028582872822880745
-0.035141997039318085
0.10436847060918808
0.0601535364985466
0.18564647436141968
-0.0119093656539917
0.31200411915779114
0.5366787314414978
0.601905107498169
0.38883474469184875
0.0004466903046704829
7.159514113928355e-41
-2.922071635717968e-40
-4.0730141164065133e-41
-1.191524084215392e-40
0.17192429304122925
0.19477447867393494
-0.008051896467804909
0.047184787690639496
-0.02321360632777214
-0.009596934542059898
0.005983046256005764
0.19679540395736694
0.015329086221754551
0.08789552748203278
0.03571268171072006
0.013201119378209114
0.004696683958172798
0.004672989249229431
-0.039668790996074677
0.09023825824260712
-0.006153390742838383
0.10504147410392761
-0.043220438063144684
0.009510996751487255
-0.004493657499551773
0.2802857458591461
0.5121975541114807
0.8848029971122742
0.5966126322746277
0.00029385139350779355
-6.395526191178465e-41
-1.934212270307545e-41
8.917723297116703e-41
2.3113016870573533e-41
0.1575101912021637
0.09405682235956192
-0.025279805064201355
-0.027853019535541534
0.020662546157836914
0.02536284551024437
-0.003230971284210682
0.03515753895044327
0.08664490282535553
0.10680556297302246
-0.06715647131204605
0.17279420793056488
-0.005069289356470108
-0.008780260570347309
0.044530775398015976
-0.0017708223313093185
0.06849771738052368
0.018612805753946304
-0.01687527820467949
0.12911097705364227
-0.01327524147927761
0.3719004690647125
0.4985218644142151
0.6503298282623291
0.4105011522769928
0.000824925780761987
-5.352960133720801e-42
-1.645502747702703e-40
1.249916191223807e-40
4.201793445277964e-41
0.18709318339824677
0.04245037958025932
0.01723877713084221
-0.07351277768611908
0.034600190818309784
0.004326823633164167
0.03255714476108551
0.016193581745028496
-0.08318876475095749
0.04906497150659561
0.03337156027555466
0.1982216089963913
-0.05412792041897774
-0.01084382925182581
0.10794392228126526
0.028297491371631622
0.011267551220953465
0.02325315959751606
0.023228509351611137
0.011688578873872757
-0.0050558834336698055
0.270681768655777
0.4919051229953766
0.7097309827804565
0.4277605712413788
0.00014260332682169974
-5.774610841636139e-41
-3.0558115611531286e-41
2.3463902006040467e-40
-4.833078403456294e-41
0.11057119071483612
0.006953581236302853
0.004265297204256058
0.008923294022679329
0.011882377788424492
0.005819259211421013
-0.018899979069828987
-0.044158659875392914
0.0019253536593168974
0.025223419070243835
-0.028258055448532104
0.39715149998664856
-0.02839619666337967
0.011299388483166695
0.06666865199804306
-0.005714585073292255
-0.011101451702415943
-0.02150239609181881
-0.02286030724644661
-0.00417229812592268
0.002350284019485116
0.2811465859413147
0.5072775483131409
0.26307961344718933
0.1867859661579132
0.0005773751181550324
-7.664261820778154e-41
2.733204628696269e-40
1.1157138372954194e-41
-5.626073204417708e-41
0.25761592388153076
0.11859788000583649
0.004159647040069103
0.0625232607126236
-0.03575843572616577
-0.005643568467348814
0.028554808348417282
0.0285138338804245
-0.059585943818092346
0.013875870034098625
0.0017121382988989353
0.20907354354858398
-0.0817335695028305
0.02714439481496811
0.1580456793308258
-0.07584480941295624
-0.01332938950508833
0.29763755202293396
-0.02777709811925888
0.03376424312591553
0.028080658987164497
0.5764702558517456
0.6547795534133911
0.4373232424259186
0.6138381361961365
0.024420116096735
0.3326219916343689
0.5108120441436768
0.42415323853492737
0.44348597526550293
0.01990930363535881
0.07889185845851898
-0.005495896562933922
0.03778494894504547
0.03380410373210907
0.0048433574847877026
0.06054367125034332
0.01465050783008337
0.03686998784542084
0.02879578061401844
0.01716003566980362
0.1419406682252884
0.04477301239967346
0.00022364221513271332
0.21077905595302582
-0.03923102095723152
-0.003149441909044981
0.21617616713047028
0.020806118845939636
0.12743258476257324
0.023410215973854065
0.3544633388519287
0.6552790999412537
0.7110720872879028
0.717867374420166
-0.0006817131652496755
-2.2225014033730896e-40
-3.2186564556923156e-40
-2.4916768253852437e-40
-2.9466504107822253e-41
0.24677301943302155
-0.0415707565844059
0.057067498564720154
0.07896807044744492
-0.08455885946750641
-0.013090590015053749
0.014087723568081856
0.0168365016579628
0.0024575181305408478
0.06203298643231392
0.008151949383318424
0.14296527206897736
-0.019650274887681007
0.016409941017627716
0.18260107934474945
0.008436686359345913
0.023758720606565475
0.1169792041182518
0.0035486523993313313
0.10300565510988235
0.009874898940324783
0.5155312418937683
0.6405671834945679
0.8876434564590454
0.8596163392066956
0.003384542651474476
0.29164910316467285
0.46194928884506226
0.5696107745170593
0.5962098240852356
0.10705242305994034
0.10994812846183777
0.017968788743019104
0.08083067834377289
0.0027661677449941635
0.005175268277525902
0.02827339433133602
-0.05187996104359627
0.0074020265601575375
0.00540308840572834
0.02798721008002758
0.03645108640193939
0.07304041087627411
0.02089165337383747
0.17597351968288422
0.027444828301668167
0.010496954433619976
0.21749995648860931
-0.07059723883867264
0.1723153293132782
-0.004549924284219742
0.39640963077545166
0.5458244681358337
1.3220075368881226
1.0763895511627197
0.003970239777117968
0.2602609694004059
0.4785281717777252
0.4802720546722412
0.6234254837036133
0.2265351116657257
-0.02249349281191826
0.05246575549244881
0.09699282050132751
0.016722150146961212
-0.012437021359801292
-0.01637369953095913
-0.008890664204955101
0.010206052102148533
0.1419423371553421
0.014104537665843964
0.11280954629182816
0.032947417348623276
0.010843119584023952
0.22273299098014832
0.02524525485932827
0.01146196573972702
0.014787431806325912
0.03564581647515297
0.02178775891661644
0.02579689770936966
0.46178504824638367
0.6132134199142456
1.1296501159667969
0.8028263449668884
0.02370538003742695
0.43343019485473633
0.5682605504989624
0.5595999360084534
0.5628134608268738
0.22008298337459564
0.04952187091112137
0.08573301136493683
0.056732892990112305
0.03371744602918625
-0.01606466993689537
0.06970155239105225
0.0242766160517931
-0.057460494339466095
0.08107059448957443
-0.020985882729291916
0.14836589992046356
0.034683652222156525
0.0031816563569009304
0.07315642386674881
0.08586809784173965
-0.01529291458427906
0.149235799908638
0.0006504170596599579
0.11248928308486938
0.01580093614757061
0.37951716780662537
0.6954941153526306
0.7659221887588501
0.856800377368927
0.0004965246189385653
0.4129076302051544
0.5109394192695618
0.33233702182769775
0.4132387340068817
0.31580135226249695
0.10911791026592255
0.034421406686306
0.046615712344646454
0.02310056798160076
0.015835415571928024
-0.020079828798770905
-0.023633264005184174
-0.02527259662747383
0.022908534854650497
-0.0016998276114463806
0.18393251299858093
-0.02886931225657463
0.019959770143032074
0.140437051653862
0.01624796912074089
0.013453738763928413
0.14472012221813202
-0.018045248463749886
0.08505383133888245
0.013162815943360329
0.31515541672706604
0.5770374536514282
0.5265956521034241
0.7327795028686523
0.0039917537942528725
0.23103578388690948
0.5040456056594849
0.5106267333030701
0.4541708528995514
0.01046129409223795
0.05726674199104309
0.013110306113958359
0.09768921881914139
-0.009738114662468433
0.03186212107539177
0.0540250688791275
0.03036188706755638
0.025032823905348778
-0.0396462008357048
0.016618069261312485
0.15824531018733978
0.06525377929210663
0.017072107642889023
0.2188059389591217
0.04767288267612457
0.00023263785988092422
0.09573564678430557
0.04559442773461342
0.0019375267438590527
0.023099839687347412
0.7212167978286743
0.6343626976013184
0.7594298124313354
1.1326990127563477
-0.0012541315518319607
-1.0133629974611347e-40
5.575766589548447e-42
-1.6780408980443252e-40
2.395127361193264e-40
0.16122621297836304
0.10733824223279953
-0.00624935794621706
0.11373444646596909
0.020375892519950867
0.01957268826663494
0.0030057094991207123
0.03618616238236427
0.0031760483980178833
0.08468816429376602
-0.0290859155356884
0.07654208689928055
0.035934656858444214
-0.004554859362542629
0.05094713345170021
0.14999428391456604
-0.032092008739709854
0.042644351720809937
-0.035595834255218506
0.176465705037117
-0.03842603415250778
0.3503176271915436
0.5583624243736267
0.8408941030502319
1.0580260753631592
-0.0010479281190782785
-7.422537835682124e-41
1.1187266289937177e-40
-1.6969864532819967e-40
3.931202711816842e-41
0.2508936822414398
0.06526825577020645
-0.001894090324640274
0.07606253027915955
-0.025545533746480942
0.01525072194635868
0.031192569062113762
8.41999426484108e-05
0.0067848097532987595
0.11009828746318817
0.04102356731891632
0.05140805244445801
0.00022952817380428314
0.007796881720423698
0.12705981731414795
0.025521332398056984
0.00888027809560299
0.051572561264038086
0.017162932083010674
0.21596397459506989
0.037401776760816574
0.5461022257804871
0.5540788769721985
1.3820048570632935
1.298118233680725
0.03058496117591858
0.48689720034599304
0.5507069826126099
0.5437347888946533
0.46868520975112915
0.1426885426044464
0.05234721302986145
0.05746902525424957
0.05884233117103577
-0.005868162959814072
-0.02157607488334179
0.025058409199118614
0.06983863562345505
-0.04333510249853134
0.1150192841887474
0.12442754209041595
0.1433500498533249
-0.004755085334181786
-0.07731030881404877
0.06996452808380127
0.06359509378671646
-0.004766229540109634
0.08807233721017838
0.05600173771381378
0.0496380552649498
-0.030088603496551514
0.350745290517807
0.6048209071159363
0.5052480697631836
0.5754177570343018
-0.010240265168249607
0.3903235197067261
0.5773321390151978
1.8989672660827637
2.0538556575775146
0.08294559270143509
0.1626189798116684
-0.013218616135418415
0.08381964266300201
-0.022045694291591644
-0.013189703226089478
0.03429805487394333
0.07248664647340775
-0.00787290371954441
0.06358736008405685
0.002496446017175913
0.09259900450706482
-0.023623161017894745
0.0488479807972908
0.16513100266456604
0.08201847225427628
0.0015898076817393303
0.12838000059127808
0.023722615092992783
0.09016329795122147
-0.08709417283535004
0.4307292401790619
0.5099712014198303
0.8030884265899658
1.095406413078308
-0.014033675193786621
0.35480454564094543
0.5212457180023193
0.4630872905254364
0.5655719637870789
0.17028452455997467
0.08153330534696579
-0.04491185396909714
0.10012851655483246
0.027865920215845108
0.022041480988264084
0.013749964535236359
0.04462976008653641
0.09111691266298294
0.05120168998837471
0.034027889370918274
0.15585857629776
0.001118839718401432
0.010816254653036594
0.05208380147814751
0.017713401466608047
0.017203420400619507
0.17037257552146912
-0.00866624340415001
0.04980790987610817
0.07969517260789871
0.5039612054824829
0.6555941700935364
0.8791707754135132
0.9707930088043213
0.06950417906045914
0.42777538299560547
0.6349868178367615
0.6087459325790405
0.5133907198905945
0.2111814171075821
0.052386488765478134
0.05450563132762909
0.06352446973323822
0.04167788848280907
0.026946287602186203
0.01995578035712242
0.03511602059006691
0.027083484455943108
0.02970515564084053
0.009173078462481499
0.20234589278697968
0.004456529393792152
0.01229233667254448
0.03232642263174057
0.019523190334439278
0.01357864961028099
0.05594690516591072
0.03225581720471382
0.07080526649951935
-0.0015529599040746689
0.3340470492839813
0.4760099947452545
0.6083869934082031
0.905278205871582
-0.0005152234807610512
-1.2453059192761784e-40
-5.682405402683566e-41
5.057846677133995e-41
2.1371202879417785e-41
0.1573389321565628
0.09011019021272659
0.015128006227314472
0.16557085514068604
0.034303564578294754
0.06771323829889297
0.01606990583240986
-0.012303616851568222
-0.03918728604912758
0.11375036835670471
0.04766262322664261
0.14958922564983368
0.06342288851737976
-0.05502011626958847
0.08683037012815475
0.07488895207643509
-0.008601324632763863
-0.0256548672914505
0.055153738707304
0.033296339213848114
0.18251252174377441
0.7107948660850525
0.5318730473518372
0.8579406142234802
1.3542333841323853
0.13492023944854736
0.3731965720653534
0.5389846563339233
0.46191495656967163
0.8272693753242493
0.1657048910856247
0.03727671504020691
-0.018013332039117813
0.1539139598608017
0.0048142168670892715
0.02864377573132515
0.013609788380563259
-0.030334817245602608
0.0008357623592019081
0.06465134024620056
0.0507257841527462
0.27015507221221924
0.009982445277273655
0.02407003939151764
0.01402799692004919
0.06174100190401077
-0.002704288810491562
-0.02540210634469986
0.13692951202392578
0.024218834936618805
0.10389440506696701
0.49873340129852295
0.609910786151886
1.332142949104309
1.3250027894973755
0.082859568297863
0.37117645144462585
0.5510942339897156
0.5013769268989563
0.5552016496658325
-0.012975080870091915
0.09323560446500778
0.07968103885650635
0.1417134553194046
0.06134944036602974
0.05332420766353607
0.0037875052075833082
0.03259682655334473
-0.06952568888664246
0.0528535321354866
0.11300204694271088
0.12596607208251953
0.08708952367305756
0.015596790239214897
-0.011170439422130585
0.07834118604660034
0.028090890496969223
-0.0416925847530365
0.04848837852478027
0.08354125916957855
0.1845172792673111
0.5052396655082703
0.5734103918075562
0.739358127117157
0.594350278377533
0.22151558101177216
0.7445269227027893
0.6067718267440796
1.814231038093567
1.4412287473678589
0.1806497871875763
0.10168524086475372
0.05047320947051048
0.1750514805316925
0.09445858001708984
0.04474152997136116
-0.005118344910442829
0.016541453078389168
0.008132408373057842
0.06067848950624466
0.051594629883766174
0.02430424466729164
0.029738835990428925
-0.003978844732046127
0.036227237433195114
0.09117953479290009
-0.0014359480701386929
-0.03306075930595398
-0.0014167483896017075
0.055316563695669174
0.4329293370246887
0.45279207825660706
0.470302015542984
2.059096336364746
1.863327980041504
0.5290781855583191
0.437203973531723
0.49462318420410156
0.8464831113815308
0.9732972979545593
0.036011166870594025
0.10182701051235199
0.051036618649959564
0.13569845259189606
0.04465021938085556
0.07059789448976517
0.03963189944624901
0.040464162826538086
-0.0492076501250267
0.07891560345888138
0.022472165524959564
0.17340056598186493
0.0524921752512455
-0.03964617848396301
0.1094755232334137
0.12336689978837967
0.027976103127002716
-0.09847766906023026
0.00033380091190338135
0.05116477236151695
0.2232862412929535
0.33923354744911194
0.6108126640319824
1.3442234992980957
1.1046638488769531
0.2523616850376129
0.49685725569725037
0.5772868990898132
0.6607046127319336
0.5186010599136353
0.0025144903920590878
0.06547543406486511
-0.052751198410987854
0.18494859337806702
0.01757286861538887
0.054711729288101196
0.024538416415452957
0.01139453612267971
-0.00010681711137294769
0.08638013899326324
0.06321915984153748
0.20526650547981262
0.02365988679230213
-0.00637285690754652
0.02504751645028591
0.1301129162311554
0.05133800208568573
0.0166553296148777
0.0019741621799767017
0.11384575814008713
0.3058865964412689
0.3810502588748932
0.5584346055984497
1.1005139350891113
1.2429795265197754
0.24312114715576172
0.3208360970020294
0.499248206615448
0.43066659569740295
0.46872615814208984
0.1163683533668518
0.09299202263355255
0.012879682704806328
0.15119652450084686
0.019065653905272484
-0.013249139301478863
0.05516009405255318
-0.023429837077856064
0.015941279008984566
0.11118572950363159
0.012129862792789936
0.18110071122646332
0.0884842798113823
-0.033245764672756195
0.06906957924365997
0.18808816373348236
0.009350307285785675
-0.04895728453993797
0.03060532920062542
0.07420312613248825
0.5945029258728027
0.5622774362564087
0.6394338607788086
0.6429017186164856
1.29613196849823
0.5240073800086975
0.5781508088111877
0.6492739915847778
0.39412906765937805
0.7721954584121704
0.165852889418602
0.07611840963363647
-0.005170615389943123
0.11814779043197632
-0.02226598560810089
0.0220017209649086
0.09646797925233841
-0.03217325359582901
0.06256969273090363
0.12861931324005127
0.030728546902537346
0.2139919251203537
0.025688819587230682
-0.004934647586196661
0.06072352081537247
0.11114762723445892
-0.006717661861330271
0.04160216450691223
-0.032618895173072815
0.012379857711493969
0.06001319736242294
0.5726615786552429
0.317762553691864
0.8158928155899048
1.1294028759002686
0.0455988347530365
0.3444369435310364
0.3299138844013214
0.4449865520000458
0.880681037902832
-0.03992179036140442
0.05563485622406006
-0.019857939332723618
0.15208891034126282
0.04183897003531456
0.02763640694320202
0.015205781906843185
-0.033701032400131226
0.07963724434375763
0.06602633744478226
0.008409588597714901
0.17382466793060303
0.1272486448287964
0.0023690685629844666
0.08922534435987473
0.07311944663524628
0.04094725102186203
0.018660278990864754
0.07239352911710739
0.0377688929438591
0.04703846946358681
0.4085424542427063
0.364989310503006
1.6151354312896729
1.5247842073440552
0.006485596764832735
0.31112346053123474
0.2943233847618103
0.7605192065238953
0.5584456920623779
-0.012987305410206318
0.04836054891347885
0.01026076264679432
0.12304367870092392
-0.06606613099575043
0.11585202068090439
0.028309734538197517
-0.03472732752561569
0.004910646937787533
0.05938490107655525
-0.011096306145191193
0.12541940808296204
0.09135302156209946
0.006403755862265825
0.06397871673107147
0.18702377378940582
0.049512557685375214
-0.008679164573550224
0.1598706990480423
0.01964738965034485
-0.023402106016874313
0.496232271194458
0.3108288049697876
1.413193702697754
1.2139660120010376
-4.8178990255109966e-05
4.632692723057845e-41
1.9337358288296746e-40
-1.6815721701744237e-40
-3.795655111362702e-40
-0.14236827194690704
0.08368461579084396
0.016120905056595802
0.13834939897060394
0.0037709083408117294
0.15788334608078003
-0.005977134220302105
-0.028087632730603218
0.12933757901191711
0.12840710580348969
0.01736977882683277
0.05951262265443802
0.0785454735159874
-0.025789059698581696
0.09104517102241516
0.030449233949184418
0.06196478381752968
-0.034203335642814636
0.1833367794752121
-0.004747535102069378
-0.03593774512410164
0.4165383577346802
0.27673089504241943
2.624755620956421
1.6317209005355835
-0.04885983467102051
0.47551289200782776
0.16017556190490723
0.6609554290771484
0.657530665397644
-0.06303924322128296
0.053813155740499496
0.052848681807518005
0.12813040614128113
0.006878698244690895
0.007062283810228109
0.018687209114432335
-0.014358079060912132
0.02563040517270565
0.09653010219335556
0.042121678590774536
0.07803138345479965
0.04889679700136185
-0.0005520296399481595
0.10066882520914078
0.16878879070281982
-0.021503504365682602
-0.028208399191498756
0.22771789133548737
-0.014467908069491386
0.06287327408790588
0.37000665068626404
0.4369801878929138
1.2670567035675049
1.107735514640808
-0.0010043937945738435
5.625512685031978e-41
-1.5685714620112705e-40
2.8520207254863704e-40
1.1795990342839878e-40
0.05047817528247833
0.12333785742521286
-0.01077193021774292
0.17357021570205688
-0.0189531147480011
0.032872773706912994
-0.013278710655868053
-0.04743330925703049
0.020511047914624214
0.05865577608346939
-0.021079357713460922
0.21711555123329163
0.08019998669624329
-0.001865106401965022
0.10849262773990631
0.0838208794593811
-0.003165663918480277
-0.00048167258501052856
0.06648191064596176
0.03610607981681824
0.028882291167974472
0.35406264662742615
0.36521947383880615
1.2791587114334106
1.357450008392334
0.017688408493995667
0.2956618368625641
0.21403972804546356
0.5953536629676819
0.6218211054801941
0.06483593583106995
0.017099127173423767
0.0028448402881622314
0.10753244161605835
0.0161513052880764
0.02168312668800354
0.07588771730661392
-0.052296511828899384
0.009941632859408855
0.11290467530488968
-0.0009646695107221603
0.25388088822364807
0.032759323716163635
-0.043763417750597
0.10298985987901688
0.22702163457870483
0.020383883267641068
0.027719300240278244
0.0364811047911644
-0.009491107426583767
-0.06312941014766693
0.46833157539367676
0.27489039301872253
0.5827587842941284
0.9669156074523926
-0.013023179955780506
0.5726991295814514
0.17260880768299103
0.5092045664787292
0.7502739429473877
0.11925670504570007
0.028456222265958786
0.0023030387237668037
0.04614362493157387
0.019932668656110764
0.011753772385418415
0.051179684698581696
-0.0220720823854208
0.0701887309551239
0.067363440990448
0.005643863696604967
0.09193906933069229
0.05765713006258011
-0.020507071167230606
0.16061104834079742
0.15995419025421143
-0.05045992136001587
0.02108617313206196
0.046964965760707855
0.03268968313932419
-0.02853226289153099
0.5617798566818237
0.24613186717033386
0.7547070980072021
1.031239628791809
-0.008134638890624046
0.18498040735721588
0.26858341693878174
0.4345844089984894
0.887001633644104
0.11476518958806992
0.1050499677658081
0.06430263072252274
0.005896184127777815
0.06988874822854996
-0.018311072140932083
0.0664854571223259
0.07033542543649673
-0.05384794622659683
0.043903715908527374
0.09332665801048279
0.0758751705288887
0.004195831716060638
-0.02430308237671852
0.06609400361776352
0.224574014544487
0.05909121781587601
0.03246309235692024
-0.0009985491633415222
-0.020255673676729202
0.025329280644655228
0.47866642475128174
0.2569083571434021
1.444386601448059
1.1535359621047974
0.0069236746057868
0.35022151470184326
0.40442967414855957
0.6378238201141357
0.5162744522094727
0.0690636932849884
0.12106717377901077
0.0798371285200119
0.08583875000476837
0.043510280549526215
-0.011622521094977856
0.05477938801050186
0.10153273493051529
0.01193846296519041
0.017033640295267105
0.024599257856607437
-0.021122829988598824
0.031985457986593246
-0.031007781624794006
0.11136885732412338
0.21105064451694489
0.012161057442426682
-0.014413677155971527
-0.00906404573470354
0.035580504685640335
-0.007293212227523327
0.5558554530143738
0.33989906311035156
1.413621187210083
1.024756669998169
0.000500440422911197
-5.025056293068794e-41
4.90510514452259e-41
2.3051499867989673e-40
-1.7715075056147905e-40
0.12036054581403732
0.06463748961687088
-0.03824217990040779
-0.004479300230741501
0.0338096059858799
0.007932374253869057
0.06674399971961975
-0.023022133857011795
0.10868572443723679
0.06418569386005402
0.033620186150074005
-0.0020917016081511974
-0.02135527692735195
0.010132420808076859
0.04944430664181709
0.15311545133590698
0.1853318214416504
-0.02246781811118126
0.06918621063232422
-0.003179892897605896
0.019849855452775955
0.42428192496299744
0.3483034074306488
2.3182692527770996
1.129766821861267
-0.0005778897320851684
-4.3276300473743326e-41
1.0645664433475635e-40
-2.0970431518620887e-41
2.8125601607309836e-40
0.058944568037986755
0.07864134758710861
0.03945833072066307
0.11063893884420395
0.05717112869024277
-0.05790659785270691
0.05926283448934555
0.060585714876651764
0.0018627825193107128
0.047699280083179474
0.03104505129158497
0.04766954109072685
0.04193445295095444
-0.016456853598356247
0.1401522010564804
0.20904569327831268
0.0709039717912674
-0.06971576064825058
0.05326370522379875
-0.007026227191090584
-0.037434566766023636
0.4728224575519562
0.24196958541870117
1.5852149724960327
1.059149146080017
-0.0012544420314952731
-1.117045070836528e-40
-1.1605133491998838e-40
-9.766910166497543e-41
-1.336418345426578e-41
0.04759414494037628
0.07985440641641617
-0.013185665011405945
0.05129389837384224
-0.0654224306344986
0.0023616612888872623
0.08116723597049713
0.014430243521928787
-0.06908106803894043
0.06432110071182251
0.09368883818387985
0.08355584740638733
0.051470134407281876
-0.005801393650472164
0.05587156489491463
0.2610255479812622
0.09014632552862167
0.017387475818395615
-0.0024041272699832916
0.013948515057563782
0.02985483407974243
0.3327452838420868
0.29840752482414246
1.4698171615600586
1.1924387216567993
-0.0050857821479439735
0.30807244777679443
0.3071672022342682
0.4794124662876129
0.7799584865570068
0.13787110149860382
-0.007323255762457848
0.005591173190623522
0.07100128382444382
0.02890777587890625
0.005433577112853527
0.08581634610891342
0.0005863029509782791
0.1049267053604126
0.0020758463069796562
-0.00983358919620514
0.1620275378227234
0.0294292401522398
0.03108079917728901
0.02675517648458481
0.11422505229711533
-0.0167001411318779
0.09469357132911682
0.08204715698957443
0.023474127054214478
-0.00895378552377224
0.1986796110868454
0.19640140235424042
0.8709306716918945
1.1600441932678223
-0.03411906585097313
0.5722693800926208
0.21489669382572174
0.5266780257225037
1.0445878505706787
0.07369386404752731
-0.011540195904672146
-0.02283383719623089
-0.00857342965900898
-0.025482896715402603
0.013338807970285416
-0.00126430275849998
-0.016557712107896805
-0.005219583865255117
0.006663571111857891
-0.03523050993680954
0.3531299829483032
0.058283835649490356
0.017338719218969345
-0.002059082966297865
0.10448906570672989
0.036445800215005875
-0.03498954698443413
0.138005331158638
0.052735403180122375
-0.0035328539088368416
0.4534390866756439
0.12010832875967026
0.6303653717041016
0.45951640605926514
-5.924654396949336e-05
-2.559401580166062e-40
1.5566043731259365e-40
-3.3413961881825263e-41
-4.310394076263137e-42
0.1403924822807312
0.06671449542045593
-0.0005616429261863232
0.055951427668333054
0.04376593977212906
0.026492562144994736
0.014290016144514084
0.1377067267894745
0.007262183353304863
-0.04051346331834793
0.04374367743730545
0.00043149711564183235
-0.029117662459611893
-0.012325264513492584
-0.003185950219631195
0.1902521401643753
-0.011204731650650501
0.048713602125644684
0.20492789149284363
-0.002374629955738783
-0.0029641948640346527
0.3475257158279419
0.28707748651504517
0.7816594839096069
0.5009256601333618
0.0007783417240716517
2.093666022563066e-40
4.0128984122869786e-41
-3.334389695860902e-41
-5.434655834190938e-41
0.16998092830181122
0.0471762977540493
-0.03657497465610504
0.08299357444047928
0.09151780605316162
0.03491412475705147
-0.10630414634943008
0.1226690486073494
-0.02220812812447548
0.06045295670628548
-0.06092369183897972
0.032572392374277115
-0.018637364730238914
0.0016107764095067978
-0.02050376683473587
0.11275845766067505
0.2551095485687256
0.03418038785457611
-0.01493007130920887
-0.05505192279815674
-0.0037820059806108475
0.5034559369087219
0.19434019923210144
0.48666462302207947
0.4562193751335144
0.009856877848505974
0.44491565227508545
0.1316041648387909
1.155966877937317
0.5646365880966187
0.010377107188105583
0.04297254979610443
-0.04434504732489586
0.0721680298447609
0.010430486872792244
0.009499097242951393
0.10426710546016693
0.0413573794066906
-0.04380527511239052
0.008693479932844639
-0.01909055933356285
0.08325304836034775
0.04374360293149948
0.043483834713697433
0.08029837906360626
0.2110641598701477
0.07820860296487808
-0.00283982465043664
0.06473951786756516
0.03947588428854942
0.024670464918017387
0.36840182542800903
0.19809448719024658
1.1235283613204956
0.5307015180587769
-6.819597911089659e-05
-6.151980518078812e-41
1.982935417912119e-40
8.101747201340362e-41
-9.603658895403701e-41
0.08409872651100159
0.01592201739549637
0.03348084166646004
0.06228122487664223
-0.04359334707260132
-0.003843451850116253
0.02610698714852333
0.02827230468392372
-0.0221136175096035
0.08881346136331558
0.03986421972513199
0.16026903688907623
0.03931916877627373
-0.09524426609277725
0.11113632470369339
0.012842822819948196
0.11100203543901443
0.07567618787288666
-0.007075531408190727
0.01903707906603813
0.007501470390707254
0.31797027587890625
0.27471673488616943
1.2044533491134644
0.393469899892807
-0.004202643409371376
0.3128967583179474
0.11066105216741562
0.4705403745174408
0.32487598061561584
0.0694282278418541
0.08578164130449295
0.03551106154918671
0.017399121075868607
-0.0022267475724220276
0.029124371707439423
0.07096295803785324
0.1934403032064438
-0.006178009323775768
-0.022348733618855476
0.005308351945132017
0.21362318098545074
-0.024706918746232986
0.004521682858467102
0.1623794585466385
0.11742109805345535
0.027924086898565292
0.03500119596719742
0.07960820943117142
0.039517901837825775
0.019668564200401306
0.3099938631057739
0.22283200919628143
0.8999752402305603
0.6234835982322693
0.0011531442869454622
0.21539351344108582
0.09223340451717377
0.36600759625434875
0.19766639173030853
0.09042300283908844
0.014379267580807209
-0.005177489947527647
-0.00588703528046608
-0.09342861920595169
0.003494138829410076
-0.027256755158305168
-0.021762235090136528
0.0010633030906319618
-0.02696196921169758
-0.04464825987815857
0.26820725202560425
-0.006624472327530384
-0.015515688806772232
-0.016044747084379196
0.1739533394575119
0.0023003695532679558
0.005858759395778179
0.19207100570201874
-0.03573708236217499
-0.002656850963830948
0.2425740510225296
0.10588696599006653
0.3941664695739746
0.2395174652338028
-0.00019564665853977203
0.13689038157463074
0.17770452797412872
0.5686073303222656
0.46753349900245667
