11.0 -0.00021725082478951663 -9.357871144761128e-42 -4.2010927960458016e-42 4.2237938311678636e-41 3.4892331761687945e-42
11.0 0.03810042142868042 0.20162011682987213 0.08240865916013718 0.14008665084838867 0.12488830834627151
19.0 0.013099506497383118 0.34233948588371277 0.06775133311748505 0.167682945728302 0.10748577117919922
1.0 -0.0001482151565141976 0.4285714626312256 9.489593200407661e-42 2.479317372929899e-41 5.988028597752808e-41
19.0 -0.0004987726570107043 0.5714285969734192 -6.237039334863328e-41 -1.5971999896374265e-41 1.2484168018669795e-41
0.0 0.0010456448653712869 0.7142857313156128 -2.2036819649972073e-41 9.967435976742424e-42 2.43307452360718e-41
11.0 -0.0004920938517898321 0.8571429252624512 -1.4373118348579649e-41 -2.9193250907278914e-41 -4.7083628401313854e-42
17.0 -0.007991897873580456 0.0861978679895401 0.22285977005958557 0.14249897003173828 0.16047076880931854
0.0 0.0004832344420719892 0.1428571492433548 0.1428571492433548 -7.799346992739067e-41 -1.929587985375273e-42
14.0 -0.04756142571568489 0.3341478109359741 0.2087354063987732 0.11768988519906998 0.10325662046670914
1.0 0.01355340052396059 0.48997369408607483 0.23694387078285217 0.5024969577789307 0.2710166275501251
14.0 -0.03146412968635559 0.6277620196342468 0.20065155625343323 0.12693750858306885 0.08985427021980286
0.0 -0.013717429712414742 0.7759278416633606 0.23558194935321808 0.1985512673854828 0.23451055586338043
0.0 -0.03134854510426521 0.9027024507522583 0.1939152330160141 0.09750653058290482 0.07068251818418503
17.0 0.02398965135216713 0.09035318344831467 0.3464597761631012 0.1316390037536621 0.23902884125709534
7.0 0.06457702070474625 0.19054430723190308 0.3487120568752289 0.24844622611999512 0.2751903235912323
19.0 -0.018993934616446495 0.36907997727394104 0.34733566641807556 0.10475317388772964 0.10638348013162613
0.0 0.23511332273483276 0.5147660970687866 0.3773913085460663 0.6683796048164368 0.5760592818260193
19.0 0.04513384401798248 0.6197736859321594 0.3342054486274719 0.09939316660165787 0.1340719312429428
0.0 0.014704354107379913 0.7714797258377075 0.35279715061187744 0.26764458417892456 0.3798559904098511
17.0 0.019649824127554893 0.8969903588294983 0.32714176177978516 0.1439996361732483 0.26519665122032166
19.0 0.019744601100683212 0.04678932949900627 0.47874557971954346 0.0665452629327774 0.13659778237342834
0.0 0.01191430352628231 0.2166224718093872 0.4932563304901123 0.24724707007408142 0.3570352792739868
1.0 -0.00916152074933052 0.38342130184173584 0.49669814109802246 0.4819853901863098 0.46580445766448975
19.0 0.43090295791625977 0.5193750262260437 0.4391207993030548 0.7070597410202026 0.7016297578811646
0.0 -0.08559438586235046 0.6300522089004517 0.5034165382385254 0.1549203246831894 0.14230409264564514
0.0 -0.06084516644477844 0.7836681604385376 0.47812265157699585 0.10325346142053604 0.12703751027584076
19.0 0.0007168315351009369 0.9350394010543823 0.4782213568687439 0.0644848495721817 0.131005197763443
15.0 0.06324809789657593 0.09364631772041321 0.6353916525840759 0.16430513560771942 0.22259004414081573
1.0 0.08712012320756912 0.19830670952796936 0.6425304412841797 0.21231819689273834 0.266297847032547
1.0 0.0004707156331278384 0.2857142984867096 0.5714285969734192 2.0325834225031472e-41 -2.429010758060638e-41
1.0 0.07904684543609619 0.5033046007156372 0.6349531412124634 0.4444716274738312 0.3246137797832489
1.0 0.003722798079252243 0.6047949194908142 0.6475772857666016 0.2551870346069336 0.234950989484787
15.0 0.03601246699690819 0.76012122631073 0.6427505016326904 0.2150699645280838 0.24974150955677032
19.0 0.0019423144403845072 0.9514296054840088 0.6276664137840271 0.07154770195484161 0.12204010784626007
14.0 -0.005749065428972244 0.09648153930902481 0.7543232440948486 0.10187042504549026 0.14064756035804749
0.0 0.04553733766078949 0.20746655762195587 0.7726747989654541 0.09508515894412994 0.11232012510299683
7.0 0.015136385336518288 0.3561200797557831 0.7682656049728394 0.21012625098228455 0.18272152543067932
16.0 0.17296406626701355 0.4898528456687927 0.7633388042449951 0.3498650789260864 0.21207912266254425
7.0 0.12537401914596558 0.6268414258956909 0.7619835734367371 0.2429451048374176 0.19281481206417084
7.0 -0.01950092986226082 0.7666502594947815 0.7653190493583679 0.0811326801776886 0.09743121266365051
14.0 0.05166271701455116 0.8888554573059082 0.763523519039154 0.11182110011577606 0.1508236676454544
15.0 0.004252089187502861 0.08478011935949326 0.8759876489639282 0.09973733872175217 0.1058444008231163
14.0 0.0053411321714520454 0.20340122282505035 0.9157883524894714 0.17071479558944702 0.1181887611746788
0.0 -0.00668248999863863 0.37227389216423035 0.8819485902786255 0.0690184086561203 0.10168561339378357
18.0 0.0004550752346403897 0.4285714626312256 0.8571429252624512 -6.441909170347617e-41 1.1438799364283482e-41
16.0 -0.002337002195417881 0.624073326587677 0.8836320638656616 0.2327253520488739 0.10139832645654678
14.0 0.01982652209699154 0.7658805251121521 0.892924964427948 0.16883589327335358 0.12603366374969482
15.0 0.011276274919509888 0.8914359211921692 0.8861432671546936 0.0900096446275711 0.12161359935998917
