11.0 0.0010458605829626322 0.05134446173906326 0.07170014828443527 0.04838593304157257 0.046009376645088196
0.0 -0.0002612215466797352 0.1428571492433548 -1.5763206425189867e-41 3.625579516747599e-41 -1.0825030636909212e-41
11.0 0.0004466903046704829 0.2857142984867096 -4.1743279953771976e-41 -5.81819122387664e-42 -1.7021572446153553e-41
7.0 0.00029385139350779355 0.4285714626312256 -2.7633605716485393e-42 1.2739204339176912e-41 3.301459181949269e-42
11.0 0.000824925780761987 0.5714285969734192 -2.3506781739048806e-41 1.785534503242682e-41 6.003162621167516e-42
11.0 0.00014260332682169974 0.7142857313156128 -4.365044716371805e-42 3.352046056511395e-41 -6.904197533728374e-42
11.0 0.002350284019485116 0.8973066806793213 0.07246822118759155 0.03758280351758003 0.026683710515499115
17.0 0.028080658987164497 0.0823528990149498 0.23639708757400513 0.062474749982357025 0.08769116550683975
17.0 0.023410215973854065 0.1934947669506073 0.23646846413612366 0.10158172994852066 0.10255248844623566
0.0 0.009874898940324783 0.3593616187572479 0.2343667447566986 0.12680621445178986 0.12280233949422836
17.0 0.003970239777117968 0.465751588344574 0.21121831238269806 0.0686102956533432 0.08906079083681107
0.0 0.02579689770936966 0.6373978853225708 0.230459064245224 0.16137859225273132 0.11468948423862457
0.0 0.01580093614757061 0.7685024738311768 0.24221345782279968 0.10941746085882187 0.12240006029605865
0.0 0.013162815943360329 0.9021651148796082 0.22529107332229614 0.07522795349359512 0.1046827882528305
14.0 0.023099839687347412 0.1030309721827507 0.37633755803108215 0.1084899753332138 0.1618141531944275
19.0 -0.0010479281190782785 0.1428571492433548 0.2857142984867096 -2.4242463432819335e-41 5.616404245013867e-42
0.0 0.037401776760816574 0.36372891068458557 0.3648684322834015 0.19742926955223083 0.18544547259807587
11.0 -0.010240265168249607 0.48433196544647217 0.36819031834602356 0.27128106355667114 0.29340797662734985
14.0 -0.014033675193786621 0.6221149563789368 0.3601779639720917 0.0661553293466568 0.08079599589109421
17.0 0.07969517260789871 0.7862802147865295 0.3793705999851227 0.1255958378314972 0.1386847198009491
0.0 -0.0005152234807610512 0.8571429252624512 0.2857142984867096 7.225094882058757e-42 3.0534293537637764e-42
3.0 0.18251252174377441 0.10154213011264801 0.5045533180236816 0.1225629523396492 0.19346192479133606
11.0 0.10389440506696701 0.2141047865152359 0.5157015323638916 0.1903061419725418 0.18928612768650055
3.0 0.22151558101177216 0.3920752704143524 0.5152531862258911 0.2591758668422699 0.20588983595371246
0.0 0.5290781855583191 0.49102914333343506 0.49923190474510193 0.12092616409063339 0.13904248178005219
11.0 0.2523616850376129 0.6424081921577454 0.5110410451889038 0.09438637644052505 0.07408586889505386
11.0 0.3058865964412689 0.7687214612960815 0.5083478093147278 0.15721628069877625 0.17756851017475128
15.0 0.5945029258728027 0.9374682307243347 0.5199191570281982 0.09184310585260391 0.18516172468662262
11.0 0.06001319736242294 0.08180879801511765 0.6168231964111328 0.11655612289905548 0.1613432765007019
11.0 0.04703846946358681 0.2012203484773636 0.623569905757904 0.23073364794254303 0.21782632172107697
15.0 -4.8178990255109966e-05 0.2857142984867096 0.5714285969734192 -2.402245957392034e-41 -5.42232440770488e-41
18.0 -0.03593774512410164 0.48807692527770996 0.6109616160392761 0.374965101480484 0.23310299217700958
18.0 0.06287327408790588 0.6242866516113281 0.633854329586029 0.18100811541080475 0.1582479327917099
11.0 0.028882291167974472 0.7648661136627197 0.6236028075218201 0.18273696303367615 0.19392143189907074
11.0 -0.013023179955780506 0.9389570355415344 0.5960869789123535 0.07274351269006729 0.10718199610710144
14.0 -0.008134638890624046 0.02642577327787876 0.7526547908782959 0.06208349019289017 0.1267145276069641
15.0 0.025329280644655228 0.2112380713224411 0.7509869337081909 0.206340953707695 0.16479085385799408
15.0 0.000500440422911197 0.2857142984867096 0.7142857313156128 3.29305139116332e-41 -2.5307450265706196e-41
16.0 0.019849855452775955 0.48918312788009644 0.764043390750885 0.3311813473701477 0.16139526665210724
15.0 -0.0012544420314952731 0.5714285969734192 0.7142857313156128 -1.3952728809282204e-41 -1.908568508410401e-42
15.0 0.02985483407974243 0.7618207335472107 0.7569153904914856 0.20997388660907745 0.1703483909368515
11.0 -0.00895378552377224 0.8855257034301758 0.7423431277275085 0.12441867589950562 0.1657206118106842
11.0 -5.924654396949336e-05 -3.6562679531163127e-41 0.8571429252624512 -4.772822569490327e-42 -6.151700258385947e-43
18.0 0.0007783417240716517 0.1428571492433548 0.8571429252624512 -4.763013480240053e-42 -7.763193492359487e-42
16.0 0.009856877848505974 0.3492737114429474 0.8759434819221497 0.1651381254196167 0.08066236972808838
15.0 0.024670464918017387 0.48120027780532837 0.8854420781135559 0.1605040580034256 0.07581450790166855
11.0 0.007501470390707254 0.6168529391288757 0.8963881731033325 0.17206476628780365 0.0562099888920784
11.0 0.019668564200401306 0.7585705518722534 0.8889760971069336 0.1285679042339325 0.08906909078359604
11.0 -0.00019564665853977203 0.8766986727714539 0.8825292587280273 0.08122961968183517 0.06679050624370575
