11.0 0.0002700422774069011 -6.77808067193914e-42 -2.2644983183489044e-42 -7.54879482731779e-42 -2.808902771739096e-41
0.0 0.02215302176773548 0.21227334439754486 0.09372148662805557 0.14911475777626038 0.15475067496299744
0.0 0.02660541608929634 0.35083621740341187 0.08159243315458298 0.16916565597057343 0.1024346649646759
17.0 0.0001684759627096355 0.4285714626312256 1.8281339765581564e-41 4.049892691745154e-41 3.2288719214972435e-41
0.0 0.014642158523201942 0.6573202013969421 0.08500168472528458 0.17144082486629486 0.110650934278965
11.0 0.006340294610708952 0.7529192566871643 0.09574006497859955 0.15951918065547943 0.15826205909252167
11.0 0.0007643995340913534 0.9128270745277405 0.09744665771722794 0.07622889429330826 0.08724935352802277
17.0 0.022543272003531456 0.08563508838415146 0.22990548610687256 0.12689125537872314 0.1666870415210724
15.0 0.00977768748998642 0.2160601019859314 0.23546363413333893 0.1882520616054535 0.241598442196846
17.0 0.0019819866865873337 0.3622363805770874 0.22677958011627197 0.2372625768184662 0.2199879139661789
17.0 0.06513452529907227 0.47950243949890137 0.2138364613056183 0.4058084189891815 0.26684653759002686
17.0 0.018039878457784653 0.6324927806854248 0.20479919016361237 0.1123477965593338 0.1122974306344986
0.0 0.011492460034787655 0.8134571313858032 0.19951854646205902 0.09100689738988876 0.10376951843500137
11.0 -0.026427583768963814 0.9126903414726257 0.22548145055770874 0.12304767221212387 0.18471583724021912
0.0 -0.0008547492325305939 -1.375654702427673e-41 0.2857142984867096 -9.0005400363583e-42 -8.420402472127826e-42
0.0 0.0005213295225985348 0.1428571492433548 0.2857142984867096 -5.4510510262235384e-43 -3.7498746905332105e-42
19.0 0.04797053337097168 0.35389479994773865 0.36876359581947327 0.09272880852222443 0.14735130965709686
19.0 0.05813024938106537 0.4833555519580841 0.3667697310447693 0.41277173161506653 0.5368772149085999
17.0 0.01694267988204956 0.6262310147285461 0.3480012118816376 0.1087302640080452 0.16243742406368256
0.0 0.016167569905519485 0.7617213129997253 0.36655017733573914 0.228989839553833 0.376489520072937
0.0 0.0005480056279338896 0.8571429252624512 0.2857142984867096 8.561933617024632e-43 -2.4501703648719426e-41
0.0 0.08883681148290634 0.09670168906450272 0.4810771346092224 0.1764056235551834 0.5138341784477234
0.0 0.10587680339813232 0.222783163189888 0.5077221393585205 0.22487474977970123 0.5675116181373596
17.0 0.15251891314983368 0.3907962739467621 0.5081231594085693 0.43294885754585266 0.7046536207199097
19.0 0.6990972757339478 0.5114912390708923 0.48937734961509705 0.6861326694488525 0.8964881896972656
17.0 0.002737698145210743 0.6441714763641357 0.5083025693893433 0.10978090763092041 0.18667681515216827
19.0 -0.03817862272262573 0.7814555764198303 0.48488306999206543 0.07287909835577011 0.16431891918182373
15.0 -0.009493697434663773 0.9302407503128052 0.4759191870689392 0.05700226128101349 0.18020543456077576
0.0 -0.05346931889653206 0.04908372834324837 0.6484851837158203 0.06184636056423187 0.1366245597600937
17.0 0.060996100306510925 0.19508427381515503 0.6402974128723145 0.23131221532821655 0.38841068744659424
0.0 0.06749668717384338 0.3591066896915436 0.6290187239646912 0.25008246302604675 0.3462144732475281
19.0 -0.12925313413143158 0.5029730200767517 0.6449047923088074 0.13737064599990845 0.16848094761371613
15.0 0.05505124852061272 0.6375951170921326 0.6472404599189758 0.23932424187660217 0.33842119574546814
17.0 0.010726958513259888 0.7825286388397217 0.6619108319282532 0.09353598207235336 0.16281138360500336
14.0 -0.0007199991960078478 0.953758955001831 0.6387403607368469 0.03725803643465042 0.15173739194869995
14.0 -0.0047714971005916595 0.040332164615392685 0.7591822147369385 0.08065186440944672 0.21261431276798248
0.0 0.0017734421417117119 0.18107739090919495 0.768900454044342 0.08364195376634598 0.11127576231956482
15.0 -0.0019140723161399364 0.2857142984867096 0.7142857313156128 5.117121602174934e-41 -3.854411555971842e-41
17.0 0.12366876751184464 0.5090580582618713 0.7591971158981323 0.34148165583610535 0.2422427386045456
0.0 -0.001361232833005488 0.5714285969734192 0.7142857313156128 -1.3638837953273445e-41 2.1987774203720705e-41
0.0 0.04739946871995926 0.8123950362205505 0.769553005695343 0.17524124681949615 0.23466770350933075
14.0 0.13131295144557953 0.8852298855781555 0.764868974685669 0.16128498315811157 0.19485647976398468
11.0 -0.000861669541336596 -2.574465538657554e-41 0.8571429252624512 -4.397274581051276e-42 -6.55107032071852e-42
0.0 0.0008672504336573184 0.1428571492433548 0.8571429252624512 -3.667478340830911e-41 3.786308450605656e-42
0.0 -0.010038585402071476 0.38047540187835693 0.8793136477470398 0.06595858186483383 0.12475039809942245
15.0 0.0015465851174667478 0.4285714626312256 0.8571429252624512 -5.844815894698812e-42 6.197943107708666e-42
0.0 -0.005508952774107456 0.6186873912811279 0.8918423652648926 0.10139910131692886 0.1540662944316864
14.0 0.009641190990805626 0.7837239503860474 0.9034493565559387 0.10784327983856201 0.14430616796016693
0.0 0.002263301284983754 0.8948569297790527 0.8890191912651062 0.09308532625436783 0.11774333566427231
